Cluster Number 3 : (t:400 500): [160, 165, 191, 200, 217] ===> 
Cluster Number 2 : (t:500 600): [5, 10, 14, 25, 26, 27, 28, 37, 40, 41, 47, 48, 50, 52, 54, 56, 57, 70, 72, 73, 77, 78, 86, 89, 95, 105, 112, 124, 125, 137, 138, 146, 151, 157, 160, 165, 174, 186, 200, 207, 210, 225, 243, 248]
New Nodes: [5, 10, 14, 25, 26, 27, 28, 37, 40, 41, 47, 48, 50, 52, 54, 56, 57, 70, 72, 73, 77, 78, 86, 89, 95, 105, 112, 124, 125, 137, 138, 146, 151, 157, 174, 186, 207, 210, 225, 243, 248]

Cluster Number 2 : (t:400 500): [8, 14, 20, 24, 27, 31, 39, 85, 138, 274, 327, 343, 351, 363, 366, 402, 425, 446, 453, 459, 461, 464, 488, 491, 497, 510, 512, 513, 535, 540, 541, 1076] ===> 
Cluster Number 3 : (t:500 600): [24, 35, 71, 74, 250, 253, 274, 296, 298, 328, 332, 340, 341, 365, 399, 425, 442, 443, 445, 446, 447, 448, 449, 450, 492, 493, 542, 543, 544]
New Nodes: [35, 71, 74, 250, 253, 296, 298, 328, 332, 340, 341, 365, 399, 442, 443, 445, 447, 448, 449, 450, 492, 493, 542, 543, 544]
Cluster Number 2 : (t:500 600): [5, 10, 14, 25, 26, 27, 28, 37, 40, 41, 47, 48, 50, 52, 54, 56, 57, 70, 72, 73, 77, 78, 86, 89, 95, 105, 112, 124, 125, 137, 138, 146, 151, 157, 160, 165, 174, 186, 200, 207, 210, 225, 243, 248]
New Nodes: [5, 10, 25, 26, 28, 37, 40, 41, 47, 48, 50, 52, 54, 56, 57, 70, 72, 73, 77, 78, 86, 89, 95, 105, 112, 124, 125, 137, 146, 151, 157, 160, 165, 174, 186, 200, 207, 210, 225, 243, 248]
Cluster Number 1 : (t:500 600): [3, 4, 6, 7, 11, 13, 15, 16, 18, 20, 22, 46, 55]
New Nodes: [3, 4, 6, 7, 11, 13, 15, 16, 18, 22, 46, 55]

Cluster Number 1 : (t:400 500): [3, 4, 6, 7, 10, 11, 19, 28, 36, 40, 41, 46, 50, 54, 55, 57, 67, 70, 71, 72, 73, 74, 75, 76, 78, 79, 80, 86, 97, 100, 103, 105, 112, 124, 128, 151, 157, 236, 253, 264, 298, 306] ===> 
Cluster Number 3 : (t:500 600): [24, 35, 71, 74, 250, 253, 274, 296, 298, 328, 332, 340, 341, 365, 399, 425, 442, 443, 445, 446, 447, 448, 449, 450, 492, 493, 542, 543, 544]
New Nodes: [24, 35, 250, 274, 296, 328, 332, 340, 341, 365, 399, 425, 442, 443, 445, 446, 447, 448, 449, 450, 492, 493, 542, 543, 544]
Cluster Number 2 : (t:500 600): [5, 10, 14, 25, 26, 27, 28, 37, 40, 41, 47, 48, 50, 52, 54, 56, 57, 70, 72, 73, 77, 78, 86, 89, 95, 105, 112, 124, 125, 137, 138, 146, 151, 157, 160, 165, 174, 186, 200, 207, 210, 225, 243, 248]
New Nodes: [5, 14, 25, 26, 27, 37, 47, 48, 52, 56, 77, 89, 95, 125, 137, 138, 146, 160, 165, 174, 186, 200, 207, 210, 225, 243, 248]
Cluster Number 1 : (t:500 600): [3, 4, 6, 7, 11, 13, 15, 16, 18, 20, 22, 46, 55]
New Nodes: [13, 15, 16, 18, 20, 22]

