Cluster Number 5 : (t:200 300): [109, 454, 497, 498, 500, 501, 529] ===> 
Cluster Number 3 : (t:300 400): [13, 17, 27, 30, 37, 54, 72, 78, 89, 151, 191, 364, 439, 453, 454]
New Nodes: [13, 17, 27, 30, 37, 54, 72, 78, 89, 151, 191, 364, 439, 453]

Cluster Number 4 : (t:200 300): [20, 41, 58, 78, 321, 371, 385, 425, 429, 439, 453, 462, 472, 1091, 8286] ===> 
Cluster Number 4 : (t:300 400): [14, 20, 66, 74, 100, 103, 110, 210, 301, 335, 455, 456, 457, 459, 460, 461, 462, 464, 471, 493, 538, 539, 540, 8283]
New Nodes: [14, 66, 74, 100, 103, 110, 210, 301, 335, 455, 456, 457, 459, 460, 461, 464, 471, 493, 538, 539, 540, 8283]
Cluster Number 3 : (t:300 400): [13, 17, 27, 30, 37, 54, 72, 78, 89, 151, 191, 364, 439, 453, 454]
New Nodes: [13, 17, 27, 30, 37, 54, 72, 89, 151, 191, 364, 454]
Cluster Number 2 : (t:300 400): [11, 24, 32, 40, 48, 55, 79, 80, 86, 102, 119, 125, 138, 154, 214, 236, 264, 327, 351, 399, 425, 452]
New Nodes: [11, 24, 32, 40, 48, 55, 79, 80, 86, 102, 119, 125, 138, 154, 214, 236, 264, 327, 351, 399, 452]

Cluster Number 3 : (t:200 300): [9, 24, 28, 54, 55, 57, 71, 73, 74, 76, 77, 80, 86, 89, 91, 100, 103, 104] ===> 
Cluster Number 4 : (t:300 400): [14, 20, 66, 74, 100, 103, 110, 210, 301, 335, 455, 456, 457, 459, 460, 461, 462, 464, 471, 493, 538, 539, 540, 8283]
New Nodes: [14, 20, 66, 110, 210, 301, 335, 455, 456, 457, 459, 460, 461, 462, 464, 471, 493, 538, 539, 540, 8283]
Cluster Number 3 : (t:300 400): [13, 17, 27, 30, 37, 54, 72, 78, 89, 151, 191, 364, 439, 453, 454]
New Nodes: [13, 17, 27, 30, 37, 72, 78, 151, 191, 364, 439, 453, 454]
Cluster Number 2 : (t:300 400): [11, 24, 32, 40, 48, 55, 79, 80, 86, 102, 119, 125, 138, 154, 214, 236, 264, 327, 351, 399, 425, 452]
New Nodes: [11, 32, 40, 48, 79, 102, 119, 125, 138, 154, 214, 236, 264, 327, 351, 399, 425, 452]

Cluster Number 2 : (t:200 300): [7, 13, 14, 16, 19, 26, 27, 30, 45, 48, 66, 67] ===> 
Cluster Number 4 : (t:300 400): [14, 20, 66, 74, 100, 103, 110, 210, 301, 335, 455, 456, 457, 459, 460, 461, 462, 464, 471, 493, 538, 539, 540, 8283]
New Nodes: [20, 74, 100, 103, 110, 210, 301, 335, 455, 456, 457, 459, 460, 461, 462, 464, 471, 493, 538, 539, 540, 8283]
Cluster Number 3 : (t:300 400): [13, 17, 27, 30, 37, 54, 72, 78, 89, 151, 191, 364, 439, 453, 454]
New Nodes: [17, 37, 54, 72, 78, 89, 151, 191, 364, 439, 453, 454]
Cluster Number 2 : (t:300 400): [11, 24, 32, 40, 48, 55, 79, 80, 86, 102, 119, 125, 138, 154, 214, 236, 264, 327, 351, 399, 425, 452]
New Nodes: [11, 24, 32, 40, 55, 79, 80, 86, 102, 119, 125, 138, 154, 214, 236, 264, 327, 351, 399, 425, 452]
Cluster Number 1 : (t:300 400): [7, 8, 10]
New Nodes: [8, 10]

Cluster Number 1 : (t:200 300): [6, 10, 138, 151, 154, 191, 335, 351, 363, 364, 366] ===> 
Cluster Number 4 : (t:300 400): [14, 20, 66, 74, 100, 103, 110, 210, 301, 335, 455, 456, 457, 459, 460, 461, 462, 464, 471, 493, 538, 539, 540, 8283]
New Nodes: [14, 20, 66, 74, 100, 103, 110, 210, 301, 455, 456, 457, 459, 460, 461, 462, 464, 471, 493, 538, 539, 540, 8283]
Cluster Number 3 : (t:300 400): [13, 17, 27, 30, 37, 54, 72, 78, 89, 151, 191, 364, 439, 453, 454]
New Nodes: [13, 17, 27, 30, 37, 54, 72, 78, 89, 439, 453, 454]
Cluster Number 2 : (t:300 400): [11, 24, 32, 40, 48, 55, 79, 80, 86, 102, 119, 125, 138, 154, 214, 236, 264, 327, 351, 399, 425, 452]
New Nodes: [11, 24, 32, 40, 48, 55, 79, 80, 86, 102, 119, 125, 214, 236, 264, 327, 399, 425, 452]
Cluster Number 1 : (t:300 400): [7, 8, 10]
New Nodes: [7, 8]

Cluster Number 7 : (t:200 300): [457, 460, 461] ===> 
Cluster Number 4 : (t:300 400): [14, 20, 66, 74, 100, 103, 110, 210, 301, 335, 455, 456, 457, 459, 460, 461, 462, 464, 471, 493, 538, 539, 540, 8283]
New Nodes: [14, 20, 66, 74, 100, 103, 110, 210, 301, 335, 455, 456, 459, 462, 464, 471, 493, 538, 539, 540, 8283]

