Cluster Number 4 : (t:0 100): [109, 123, 124, 157, 163, 171, 191, 214, 250, 301, 364, 425, 429, 460] ===> 
Cluster Number 6 : (t:100 200): [82, 124, 193, 210, 214, 351, 365]
New Nodes: [82, 193, 210, 351, 365]
Cluster Number 5 : (t:100 200): [41, 48, 74, 367, 371, 425, 429, 444, 453, 461, 462, 466, 488, 493, 503, 505, 506, 515, 516, 518]
New Nodes: [41, 48, 74, 367, 371, 444, 453, 461, 462, 466, 488, 493, 503, 505, 506, 515, 516, 518]
Cluster Number 4 : (t:100 200): [16, 28, 30, 31, 77, 80, 100, 102, 106, 109, 114, 120]
New Nodes: [16, 28, 30, 31, 77, 80, 100, 102, 106, 114, 120]

Cluster Number 3 : (t:0 100): [67, 74, 104, 106, 112, 113, 116, 264, 291, 367, 462, 464, 466, 467, 475, 476, 478, 479, 480, 8282] ===> 
Cluster Number 5 : (t:100 200): [41, 48, 74, 367, 371, 425, 429, 444, 453, 461, 462, 466, 488, 493, 503, 505, 506, 515, 516, 518]
New Nodes: [41, 48, 371, 425, 429, 444, 453, 461, 488, 493, 503, 505, 506, 515, 516, 518]
Cluster Number 4 : (t:100 200): [16, 28, 30, 31, 77, 80, 100, 102, 106, 109, 114, 120]
New Nodes: [16, 28, 30, 31, 77, 80, 100, 102, 109, 114, 120]
Cluster Number 1 : (t:100 200): [6, 55, 58, 67, 76, 78, 103, 110, 112]
New Nodes: [6, 55, 58, 76, 78, 103, 110]

Cluster Number 2 : (t:0 100): [13, 17, 19, 28, 89, 117] ===> 
Cluster Number 4 : (t:100 200): [16, 28, 30, 31, 77, 80, 100, 102, 106, 109, 114, 120]
New Nodes: [16, 30, 31, 77, 80, 100, 102, 106, 109, 114, 120]
Cluster Number 2 : (t:100 200): [7, 10, 11, 13]
New Nodes: [7, 10, 11]

Cluster Number 1 : (t:0 100): [2, 6, 10, 14, 16, 30, 31, 45, 72, 76, 77, 78, 80, 94, 100, 101, 102, 103, 105, 107, 108, 110, 111, 114, 115, 118, 119, 120, 121, 122] ===> 
Cluster Number 4 : (t:100 200): [16, 28, 30, 31, 77, 80, 100, 102, 106, 109, 114, 120]
New Nodes: [28, 106, 109]
Cluster Number 3 : (t:100 200): [8, 14, 27, 519, 520, 521, 522, 523, 524, 526, 527, 530, 535, 8284, 8286]
New Nodes: [8, 27, 519, 520, 521, 522, 523, 524, 526, 527, 530, 535, 8284, 8286]
Cluster Number 2 : (t:100 200): [7, 10, 11, 13]
New Nodes: [7, 11, 13]
Cluster Number 1 : (t:100 200): [6, 55, 58, 67, 76, 78, 103, 110, 112]
New Nodes: [55, 58, 67, 112]

