Cluster Number 6 : (t:100 200): [58, 425, 462, 472, 1091, 8286] ===> 
Cluster Number 4 : (t:200 300): [27, 40, 55, 79, 80, 86, 102, 103, 119, 125, 138, 154, 214, 236, 264, 327, 351, 364, 399, 425, 452]
New Nodes: [27, 40, 55, 79, 80, 86, 102, 103, 119, 125, 138, 154, 214, 236, 264, 327, 351, 364, 399, 452]
Cluster Number 3 : (t:200 300): [14, 17, 20, 66, 74, 78, 100, 110, 191, 210, 301, 335, 455, 456, 457, 459, 460, 461, 462, 464, 471, 493, 538, 539, 540, 8283]
New Nodes: [14, 17, 20, 66, 74, 78, 100, 110, 191, 210, 301, 335, 455, 456, 457, 459, 460, 461, 464, 471, 493, 538, 539, 540, 8283]

Cluster Number 5 : (t:100 200): [41, 138, 151, 154, 191, 253, 335, 351, 363, 364, 366] ===> 
Cluster Number 4 : (t:200 300): [27, 40, 55, 79, 80, 86, 102, 103, 119, 125, 138, 154, 214, 236, 264, 327, 351, 364, 399, 425, 452]
New Nodes: [27, 40, 55, 79, 80, 86, 102, 103, 119, 125, 214, 236, 264, 327, 399, 425, 452]
Cluster Number 3 : (t:200 300): [14, 17, 20, 66, 74, 78, 100, 110, 191, 210, 301, 335, 455, 456, 457, 459, 460, 461, 462, 464, 471, 493, 538, 539, 540, 8283]
New Nodes: [14, 17, 20, 66, 74, 78, 100, 110, 210, 301, 455, 456, 457, 459, 460, 461, 462, 464, 471, 493, 538, 539, 540, 8283]
Cluster Number 2 : (t:200 300): [11, 13, 24, 30, 32, 37, 48, 54, 72, 89, 151, 439, 453, 454]
New Nodes: [11, 13, 24, 30, 32, 37, 48, 54, 72, 89, 439, 453, 454]

Cluster Number 4 : (t:100 200): [20, 321, 371, 385, 429, 439, 453] ===> 
Cluster Number 3 : (t:200 300): [14, 17, 20, 66, 74, 78, 100, 110, 191, 210, 301, 335, 455, 456, 457, 459, 460, 461, 462, 464, 471, 493, 538, 539, 540, 8283]
New Nodes: [14, 17, 66, 74, 78, 100, 110, 191, 210, 301, 335, 455, 456, 457, 459, 460, 461, 462, 464, 471, 493, 538, 539, 540, 8283]
Cluster Number 2 : (t:200 300): [11, 13, 24, 30, 32, 37, 48, 54, 72, 89, 151, 439, 453, 454]
New Nodes: [11, 13, 24, 30, 32, 37, 48, 54, 72, 89, 151, 454]

Cluster Number 2 : (t:100 200): [7, 10, 13, 14, 16, 19, 24, 26, 27, 30, 45, 48, 66, 67] ===> 
Cluster Number 4 : (t:200 300): [27, 40, 55, 79, 80, 86, 102, 103, 119, 125, 138, 154, 214, 236, 264, 327, 351, 364, 399, 425, 452]
New Nodes: [40, 55, 79, 80, 86, 102, 103, 119, 125, 138, 154, 214, 236, 264, 327, 351, 364, 399, 425, 452]
Cluster Number 3 : (t:200 300): [14, 17, 20, 66, 74, 78, 100, 110, 191, 210, 301, 335, 455, 456, 457, 459, 460, 461, 462, 464, 471, 493, 538, 539, 540, 8283]
New Nodes: [17, 20, 74, 78, 100, 110, 191, 210, 301, 335, 455, 456, 457, 459, 460, 461, 462, 464, 471, 493, 538, 539, 540, 8283]
Cluster Number 2 : (t:200 300): [11, 13, 24, 30, 32, 37, 48, 54, 72, 89, 151, 439, 453, 454]
New Nodes: [11, 32, 37, 54, 72, 89, 151, 439, 453, 454]
Cluster Number 1 : (t:200 300): [7, 8, 10]
New Nodes: [8]

Cluster Number 1 : (t:100 200): [6, 28, 54, 55, 57, 71, 73, 74, 76, 77, 78, 80, 86, 89, 100, 103, 104] ===> 
Cluster Number 4 : (t:200 300): [27, 40, 55, 79, 80, 86, 102, 103, 119, 125, 138, 154, 214, 236, 264, 327, 351, 364, 399, 425, 452]
New Nodes: [27, 40, 79, 102, 119, 125, 138, 154, 214, 236, 264, 327, 351, 364, 399, 425, 452]
Cluster Number 3 : (t:200 300): [14, 17, 20, 66, 74, 78, 100, 110, 191, 210, 301, 335, 455, 456, 457, 459, 460, 461, 462, 464, 471, 493, 538, 539, 540, 8283]
New Nodes: [14, 17, 20, 66, 110, 191, 210, 301, 335, 455, 456, 457, 459, 460, 461, 462, 464, 471, 493, 538, 539, 540, 8283]
Cluster Number 2 : (t:200 300): [11, 13, 24, 30, 32, 37, 48, 54, 72, 89, 151, 439, 453, 454]
New Nodes: [11, 13, 24, 30, 32, 37, 48, 72, 151, 439, 453, 454]

Cluster Number 7 : (t:100 200): [454, 457, 460, 461] ===> 
Cluster Number 3 : (t:200 300): [14, 17, 20, 66, 74, 78, 100, 110, 191, 210, 301, 335, 455, 456, 457, 459, 460, 461, 462, 464, 471, 493, 538, 539, 540, 8283]
New Nodes: [14, 17, 20, 66, 74, 78, 100, 110, 191, 210, 301, 335, 455, 456, 459, 462, 464, 471, 493, 538, 539, 540, 8283]
Cluster Number 2 : (t:200 300): [11, 13, 24, 30, 32, 37, 48, 54, 72, 89, 151, 439, 453, 454]
New Nodes: [11, 13, 24, 30, 32, 37, 48, 54, 72, 89, 151, 439, 453]

