1102,1103
1417,1379
1256,1255
1417,853
887,882
675,676
1534,1535
259,882
1229,1086
1549,1550
1332,1331
1347,1348
1527,1422
1338,298
635,791
1141,1140
1198,1196
822,1144
1212,1213
1241,1379
888,882
40,41
387,384
42,41
966,1322
322,1467
1235,1311
1381,1379
1381,1420
1419,861
238,239
1404,1405
1244,1245
236,237
261,260
1525,1524
1174,1164
875,1560
503,504
1175,1164
1244,1304
1261,1032
452,449
1563,1564
1142,1140
1244,1084
236,1601
173,615
1448,1379
1277,1275
1145,727
173,485
322,1411
1143,1140
1287,802
1163,1255
1182,1181
133,129
134,129
1118,1090
273,1554
1596,1597
1183,1181
889,882
1629,1568
2,1
439,438
1183,1206
1457,1429
1565,1566
1568,273
232,231
461,460
624,625
1640,1641
1621,1622
1499,1500
1630,1568
140,141
771,1050
1142,883
1183,450
457,1455
232,1606
240,239
1623,1622
806,1554
1188,1013
1529,1530
70,1560
1623,1641
1382,1383
1607,1608
1393,1390
240,1674
369,370
253,1127
1638,1639
357,358
1544,770
1360,1359
472,470
