51,11627
10912,21853
25699,5183
9773,1847
25665,5612
2839,13234
25836,5082
1083,22115
1083,26393
1083,506
25663,25721
25661,2133
2441,21853
16351,224
5103,25827
984,2982
421,5325
3786,1308
4851,2839
25760,25748
14452,2362
7324,3690
17819,2067
837,5183
25824,3647
27668,5004
3918,837
25682,25666
13234,2839
518,20951
17418,26751
17418,1086
2276,25742
8164,307
410,52
25910,5082
951,4871
951,26509
951,26398
5011,25739
26522,25414
4871,951
13322,25852
26066,19605
9430,26043
26081,26066
27278,27244
25857,4706
25802,2908
26444,51
951,4871
4871,951
22318,2326
25968,9797
1171,26067
25899,25803
951,4871
4871,951
17263,6770
25785,8567
11480,263
17202,17124
17129,17124
17137,17124
5710,17124
17125,17124
626,17124
8998,5710
17158,17124
17164,17124
5168,5710
17133,17124
17198,17129
423,17124
4038,626
17142,17137
17167,5710
3927,17124
13725,17202
17218,17137
17139,17124
423,17129
13109,17133
8720,423
639,17124
7442,17139
13026,17129
17204,17133
17215,423
10471,17133
13120,17129
17143,17124
2118,17124
17179,17137
3814,17202
17185,17124
4442,17124
4372,423
16321,17139
17201,17202
528,17202
17175,17129
17182,17124
17193,17158
17132,17133
17170,17137
15270,17158
17146,17124
17219,17124
6565,17129
17203,17129
17205,17158
15270,17125
17177,17124
4046,17124
528,639
3635,16321
7468,17124
17216,17133
3298,17133
17131,13725
4372,639
7632,17198
17187,6565
17150,17124
17178,626
13725,17131
1214,528
17130,17131
639,4372
3601,423
17174,7632
3244,17137
1083,17137
2311,17129
17147,15270
16343,528
17191,528
17192,3298
17197,626
