11768,16774
127,2230
16,16835
224,16696
216,9037
5500,16798
16678,7554
3052,16727
3480,5486
9773,16746
438,216
16862,6103
16792,12651
11954,7929
16778,12651
2230,1477
3480,2037
216,438
2606,16758
7553,3981
16693,2131
7554,16678
11716,4854
8189,6103
6660,100
3480,3548
16837,3981
7520,1714
16885,16677
438,216
16811,2182
12651,16792
10978,1477
12651,1477
438,216
3480,16844
16788,4854
16876,16832
16830,16712
5500,1388
16772,4854
5500,1477
16914,16721
12138,2839
16839,5500
100,6660
16749,1373
1510,14987
1510,728
16859,1477
1510,1714
2071,622
6770,4854
6386,1477
16792,12651
1510,245
16871,16872
16889,5936
5500,1477
16917,2606
1510,5283
1510,3791
1540,11768
16873,1477
16705,16389
16740,2182
5519,16772
5500,16876
5519,11768
13711,2182
762,1339
16786,1388
762,11954
762,16743
6675,3052
16700,16701
16820,3622
762,1882
762,16773
762,216
16906,216
16722,16707
88,4854
13439,16798
2037,3480
16821,1882
16893,16696
1882,16821
8446,1477
16883,7553
16913,2182
13819,16841
3480,2037
624,4854
4660,2182
16734,4854
15405,1887
15405,16775
17119,17060
15932,2182
16868,3029
16905,4854
16905,4854
698,6977
16692,2473
15428,16824
1477,1882
16711,762
3202,5519
13202,7178
12868,16718
4847,4854
16870,4854
3029,16868
3311,2182
