16726,4854
240,16785
1280,16689
16843,3622
563,4854
5993,4854
16717,4854
16735,13330
16922,2227
13202,13819
16728,10159
2473,16726
5489,3791
16731,16712
16733,4854
16765,10159
16891,16689
16911,16787
240,3791
1339,1714
2352,4854
16676,4854
16720,4854
16738,14286
16806,3791
245,16743
2813,4854
7554,15964
16729,16689
16784,3622
16855,16848
16921,3791
16937,4854
16869,3622
344,16710
16851,3791
16931,240
4431,16843
16691,4854
16776,5396
16878,8131
240,3622
1133,16738
1339,3636
16710,8131
16728,16729
2182,13725
11104,13819
15405,3622
1133,8131
2473,16689
2560,1714
16703,4854
10489,4854
16729,16728
1165,16731
10717,1714
16687,4854
3791,5489
15269,4854
16728,16729
16783,4854
16813,16713
16877,16717
1133,3622
16805,13725
16864,1477
16834,1714
16900,16738
2839,16717
3543,344
3625,6515
16796,4854
16807,11104
16860,7554
1133,1714
9690,15964
9772,16845
16856,11104
16935,344
2606,5396
5489,5396
16829,16720
2514,3622
9344,1714
14987,1714
16729,16728
100,2426
1714,2560
13330,16735
16716,16717
16819,16676
16863,4854
1133,13330
3120,15269
16879,127
10222,4854
16782,16783
16847,16717
7178,13202
9344,7554
11811,3622
16692,2839
16838,4854
5489,16687
16857,16728
9344,16785
12065,16710
14286,11104
16759,13725
16779,16743
5465,13330
16743,245
16910,5396
1714,16729
12011,16687
16684,10159
5489,10489
16735,4854
3029,4854
9344,16834
16814,16735
16899,4854
9361,16687
15428,16813
16767,4854
16846,4854
1406,10717
1549,5489
3520,11104
16762,3622
1516,2560
1714,16717
1477,16777
2605,4854
16729,1714
15428,13819
16927,16899
16928,16813
1714,16733
10437,6515
16736,4854
1406,5489
16836,4854
2352,16691
9694,16689
15428,16805
16679,4854
16687,9361
1406,16831
1547,4854
16750,943
16850,16851
650,10159
14286,16735
16894,13819
16770,13819
16803,10159
5489,1133
16695,10159
16745,5993
16849,4854
101,16738
9794,4854
14286,1547
16723,1477
622,4854
1406,15269
9344,16743
16867,1714
16818,1714
2037,1339
16815,1714
16746,16713
16766,16767
3981,6515
16801,16777
16804,16723
16812,16813
15428,734
16677,240
16861,4854
6115,16691
10439,7554
16763,3622
16797,4854
16206,6515
16882,16743
2628,3791
3244,15964
16730,3622
16897,10437
3047,13725
16719,16720
2900,16911
12100,16777
16775,15405
1297,4854
8686,16689
16793,3791
5489,1549
16777,12100
2667,100
16768,11104
2987,4854
9794,16689
16841,13819
2078,4854
4578,9344
12868,16731
16742,1339
1593,1339
5389,4854
15395,1339
16777,16801
2018,1477
3583,16689
12100,4854
943,650
3548,1714
3723,3029
16816,4854
276,16784
15964,3244
16875,16726
15428,1339
16741,4854
16752,4854
16754,3791
16761,10437
16903,15964
16920,10159
16826,16849
3260,16735
16706,16676
16808,16723
16825,14182
16892,4854
1388,16723
16747,650
2551,16743
5369,3981
16854,6515
16936,10489
1216,7554
16688,4854
16748,1133
5813,650
10437,344
16805,15428
15428,16710
15969,4854
16833,3981
1172,4854
16756,16695
1339,16726
16744,2813
16824,15428
16827,4854
16865,3625
2473,2987
2551,16726
10611,9344
16901,4854
224,16754
15428,16805
16826,16827
16925,7178
2388,1714
15184,943
16677,943
16685,4854
3138,4854
1386,11104
11954,9344
1887,15405
16694,16695
16780,4854
16919,943
224,16728
16832,1477
16764,16765
1133,16748
16844,1339
16866,650
224,8686
240,16677
216,4854
728,1714
16835,650
