5297,16941
16948,16941
275,16941
16963,16941
2347,16941
16986,16941
8994,16941
1425,16952
17046,16941
17057,16240
17054,16240
17070,16240
3667,16941
16962,16963
16983,16941
17025,16941
271,16240
3548,17198
7250,16941
17096,16240
5549,16941
16966,16941
17011,16941
17122,16941
12918,16941
16938,16941
16952,1425
17028,16941
17032,16941
1188,16941
11241,1425
14850,16941
17101,16240
16938,16983
17018,16941
3327,8994
10860,16941
16998,16941
59,420
2691,16941
16314,16941
17016,16941
5749,16941
9250,16941
193,8994
14850,16240
17029,10860
6652,16952
12438,17028
14329,5297
16990,16941
17088,16941
16955,11241
9017,16240
17117,16941
4688,16941
11249,16941
16968,10860
17152,17124
3320,17028
15308,16941
17057,16952
1509,17046
17039,5549
7860,10860
17020,16952
6652,17046
16976,5749
17013,14850
3320,15308
10840,271
14873,16240
17115,17046
16914,16938
17063,16941
14873,2691
16946,17054
16975,7860
17007,16955
1140,9017
1373,16983
4420,5297
17022,17070
17077,16952
1148,16955
2365,10860
17004,16952
16914,16990
17072,9017
1077,2691
16980,10860
17049,16941
12211,16240
17008,16941
17093,7250
5949,2691
16967,16946
17009,16941
16995,16941
17056,17046
686,9017
830,16948
15308,3320
17116,17011
16982,16983
1140,16975
3883,16941
17026,2691
7250,17093
16970,16941
17015,16941
16951,16952
17067,16941
17207,17124
8601,17028
19,10860
17052,16941
17078,17032
16947,1425
16950,16941
420,59
17121,16941
1879,10840
17083,16938
1509,6652
17134,13725
1879,2691
16969,16941
1171,4688
10840,1879
13353,9017
2993,10860
5873,16941
16958,17004
4688,1171
164,17057
1529,14850
13353,16983
17045,17046
2347,16983
3221,2691
17023,17022
16939,686
17031,16941
12649,9017
17105,17046
2347,16938
17074,13353
17085,17007
17120,17022
16996,16969
17110,7250
16974,16952
16982,17028
17043,7250
5875,5749
12649,275
17223,1214
1520,1148
6317,7250
16946,16967
16990,16914
16942,6652
4483,10840
4576,16941
3177,3883
2099,14873
11817,17009
17123,17124
10840,4483
17044,16952
17051,16941
1083,2347
3177,16314
11817,8601
17092,16941
3173,16958
8294,17054
6317,16946
17069,16983
1509,16942
