101,107
114,107
2,107
123,107
109,107
464,8282
301,8282
30,94
101,94
102,94
114,94
123,8282
107,8282
14,94
115,94
103,94
2,8282
16,94
16,107
104,94
105,94
76,107
94,107
124,8282
67,94
116,94
100,107
117,94
118,94
6,8282
106,94
214,8282
107,94
108,94
109,94
10,94
110,94
119,94
111,94
13,94
120,94
163,107
121,94
112,94
191,8282
429,107
28,94
122,94
123,94
113,94
120,8282
72,94
103,476
78,476
475,476
460,476
291,476
14,476
364,476
17,476
100,476
89,476
106,476
109,476
80,476
19,476
110,476
157,476
171,476
425,476
13,476
120,476
478,476
479,476
480,476
13,31
462,31
16,31
6,31
264,31
80,31
466,31
74,31
250,31
14,31
67,31
425,31
112,31
467,31
466,367
19,367
462,367
14,367
103,367
425,367
77,367
120,367
45,367
13,367
214,367
55,367
67,367
31,367
535,367
193,367
30,516
124,516
466,516
8,516
214,516
109,516
31,516
13,48
365,48
14,48
453,516
13,516
76,48
55,48
210,516
429,48
110,516
425,516
425,48
100,516
515,516
48,516
503,48
82,516
80,516
77,516
58,48
109,48
106,516
77,48
462,516
425,505
114,505
7,505
30,505
30,48
109,505
351,505
8,505
102,505
506,505
453,505
80,505
6,523
80,523
13,523
518,523
519,523
77,523
16,523
524,523
28,523
109,523
520,523
425,523
7,523
521,523
522,523
120,523
488,523
13,8284
30,8284
74,8284
453,523
112,523
76,523
444,523
112,8284
109,8284
120,8284
27,8284
13,8286
41,8286
493,8286
55,8286
124,8286
10,8286
106,8286
77,8286
462,8286
109,8286
526,8286
112,8286
453,8286
527,8286
78,8286
30,8286
67,8286
82,8286
11,8286
365,8286
103,8286
530,8286
461,8286
371,8286
80,8286
425,8286
14,8286
529,8286
151,8286
45,8286
335,8286
501,8286
488,8286
191,8286
528,8286
6,8286
100,8286
86,8286
351,8286
366,8286
472,104
487,104
10,104
89,8286
363,8286
154,104
461,104
41,104
253,104
6,104
28,104
19,104
9,104
462,104
80,104
425,104
20,104
488,104
55,104
489,104
457,104
91,104
14,104
74,7
71,7
385,7
77,7
453,7
86,7
24,7
14,7
80,7
496,7
497,7
78,7
67,7
498,7
500,321
454,321
24,321
19,321
57,321
30,321
10,321
27,321
425,321
103,54
533,54
16,54
501,321
10,1091
26,1091
13,48
10,48
138,48
73,48
453,48
454,1091
109,1091
109,48
7,48
27,48
55,514
103,514
74,514
66,514
86,514
371,514
364,514
76,48
58,48
460,514
78,514
425,514
14,48
30,48
86,1091
7,1091
429,48
439,48
10,8285
551,48
30,8285
485,8285
264,48
540,48
453,27
459,27
460,27
40,27
439,27
454,27
461,27
13,27
236,27
24,27
138,27
462,27
7,27
335,27
11,27
30,27
10,27
452,191
17,191
100,191
351,191
55,191
86,191
453,191
24,191
74,191
214,191
13,191
27,191
74,27
454,191
455,191
78,191
138,191
14,27
66,191
151,191
102,191
399,191
425,191
456,191
10,191
7,191
72,27
457,191
54,27
110,191
80,191
80,27
7,8283
24,8283
78,8283
399,8283
74,8283
471,8283
439,8283
425,8283
100,27
210,27
464,8283
151,27
27,8283
32,27
425,27
119,27
24,74
425,74
27,74
54,74
103,74
351,74
30,74
86,74
37,74
538,74
72,74
327,74
78,74
493,74
459,74
66,74
364,74
125,74
8,74
460,74
89,74
301,74
154,74
102,74
13,74
10,74
539,74
7,74
40,74
335,74
151,74
20,74
79,74
488,74
264,74
73,74
100,74
19,74
253,74
274,74
488,513
74,513
24,513
54,513
10,513
464,513
6,74
459,513
78,513
71,513
27,513
28,74
191,74
151,513
160,74
512,513
363,74
57,74
7,513
425,513
138,74
510,513
157,513
236,74
97,513
540,74
75,513
4,74
541,74
446,74
497,74
446,513
67,74
461,74
535,74
41,74
165,74
70,74
343,74
112,74
27,1076
74,1076
103,1076
100,1076
351,1076
55,1076
151,1076
217,1076
306,74
402,74
31,74
157,74
366,74
453,74
200,74
3,74
78,298
54,298
39,298
103,298
8,298
57,298
46,298
14,298
10,298
85,298
86,298
327,298
105,298
3,298
72,298
24,298
425,298
20,298
19,298
79,298
50,298
70,298
160,298
6,298
274,298
128,298
100,298
4,298
124,298
80,298
366,298
7,298
27,298
491,298
40,298
41,298
11,298
36,298
76,298
248,298
365,298
492,298
74,298
28,298
328,298
296,298
47,298
399,298
250,298
73,298
138,298
340,298
13,27
225,27
20,27
3,27
73,27
24,27
40,27
55,27
47,27
11,27
71,27
71,298
10,27
86,27
14,27
46,27
274,27
493,298
365,27
146,27
52,27
186,27
25,27
243,27
442,27
151,27
35,27
89,27
105,27
446,27
443,27
48,27
72,27
450,27
160,27
5,27
425,27
447,27
74,27
448,27
77,27
157,27
137,27
28,27
15,27
445,27
449,27
112,27
95,27
248,27
210,27
207,27
340,27
165,27
25,54
24,54
4,54
22,54
27,54
105,54
542,54
543,54
56,54
137,54
124,54
57,54
253,54
78,54
26,54
341,54
46,54
225,54
332,54
3,54
41,54
151,54
16,54
70,54
6,54
37,54
7,54
174,54
125,54
544,54
200,54
13,54
18,54
50,54
80,54
86,54
160,54
306,54
65,54
39,54
35,54
19,54
545,54
8,54
28,54
89,54
14,54
85,54
443,54
355,54
90,54
128,54
550,54
44,54
10,54
73,54
217,54
546,54
17,54
547,54
540,54
548,54
79,54
5,54
549,54
103,54
8,9
94,9
3,9
4,9
7,9
16,9
13,9
54,37
27,37
35,37
32,37
18,37
46,9
98,9
3,37
5,37
10,37
10,9
61,5
26,5
10,5
33,5
9,5
54,5
27,5
5,9
7,5
62,5
4,5
95,9
99,9
27,60
54,60
25,37
25,5
20,60
24,5
8,60
4,60
10,60
7,60
5,60
28,9
55,60
55,5
9,37
63,5
18,5
18,60
19,60
19,5
56,60
13,60
97,9
57,60
49,60
27,53
32,53
33,53
4,53
19,53
35,53
2,29
2,53
24,53
24,29
34,53
3,29
4,29
5,29
5,53
36,53
6,29
6,53
6,60
6,5
6,37
37,53
7,29
7,53
38,53
39,53
8,29
8,53
32,7
9,29
9,53
9,7
25,53
71,7
54,7
5,7
3,7
16,7
4,7
40,53
72,7
10,29
10,53
10,7
41,53
74,7
11,7
11,29
12,29
13,53
13,29
75,7
27,7
23,7
77,7
78,7
42,53
43,53
44,53
45,53
4,37
64,5
24,7
76,7
79,7
44,7
10,32
82,32
39,32
46,7
46,53
47,53
16,32
8,32
40,32
9,32
90,32
14,29
14,53
66,32
14,60
14,37
15,29
80,7
83,32
34,32
19,32
84,32
4,32
5,32
28,7
7,32
58,60
58,32
16,53
27,32
25,32
5,92
25,92
10,92
22,37
48,53
26,92
24,32
49,53
16,29
65,5
91,92
17,29
4,92
6,92
8,129
4,129
18,129
18,29
18,53
18,32
28,129
50,53
10,129
14,32
19,29
85,32
25,129
20,29
20,53
70,32
51,53
59,60
38,5
46,60
3,129
5,129
7,129
86,32
76,129
79,32
27,129
81,92
87,32
21,29
22,29
22,32
52,53
3,146
43,146
50,92
50,32
148,150
22,150
93,150
93,146
93,129
40,150
93,92
23,29
23,53
23,32
27,49
151,49
85,49
57,49
19,150
19,49
88,32
32,49
28,146
28,53
70,92
70,150
79,150
28,150
28,32
28,92
34,49
36,49
25,146
25,150
25,49
70,49
16,49
18,150
18,49
7,49
28,49
144,146
89,32
46,150
152,49
46,49
157,152
88,152
158,152
57,88
9,49
9,129
9,88
9,152
9,146
10,49
10,88
66,152
10,152
153,49
153,152
71,88
46,162
159,152
141,146
154,49
19,152
10,162
154,88
19,88
25,88
25,162
7,162
7,152
7,88
7,166
32,166
125,129
32,146
92,152
19,166
23,49
23,129
27,146
126,129
27,162
38,162
38,167
67,129
67,126
25,126
38,32
25,167
25,166
78,152
78,92
28,126
28,22
27,126
57,22
38,22
89,22
18,22
18,126
18,167
18,162
137,152
137,167
46,167
137,88
137,162
26,166
26,152
153,167
22,126
38,126
93,126
19,167
93,22
13,126
13,129
170,22
79,167
47,167
32,126
36,167
35,88
35,49
91,167
88,167
8,22
8,167
7,22
7,126
7,167
127,126
127,129
18,88
57,166
46,92
22,174
9,22
26,174
9,167
9,162
9,92
79,49
57,92
128,129
155,49
155,167
25,22
78,49
80,174
80,92
70,167
153,22
16,126
34,152
14,22
22,49
145,146
38,49
38,146
22,167
10,22
10,126
10,167
10,146
74,153
160,153
160,152
27,153
5,166
5,88
5,49
5,146
5,162
5,167
5,126
5,22
5,153
5,152
10,153
7,153
