28,153
13,22
161,167
4,22
4,126
4,162
4,167
4,49
4,146
4,88
4,174
4,166
4,152
57,126
57,162
156,22
156,49
73,153
24,153
24,22
24,126
24,49
172,174
46,153
46,126
86,153
78,166
43,153
41,22
41,49
161,88
18,153
171,22
9,153
64,88
173,174
20,167
20,88
155,162
58,167
58,166
102,166
22,162
49,22
49,153
175,153
57,153
19,182
65,182
176,182
40,182
32,182
22,182
93,182
16,182
34,182
28,182
10,182
7,182
142,182
86,182
18,182
177,182
178,182
179,182
180,182
22,213
25,182
23,213
46,213
165,213
66,213
27,215
184,213
151,213
193,213
9,182
9,213
93,213
10,213
8,213
80,213
39,213
19,215
3,213
186,213
11,213
187,213
34,213
49,215
16,213
17,213
78,213
38,215
25,215
181,182
7,213
31,213
7,215
89,213
25,213
28,213
50,213
27,213
11,218
151,27
220,27
216,218
11,249
3,27
221,27
18,249
20,249
10,249
10,27
10,218
18,218
18,215
20,182
18,213
57,182
222,27
10,215
93,249
93,27
93,218
43,213
89,251
20,218
86,27
138,251
13,213
13,27
13,218
13,215
13,182
46,27
10,251
8,27
8,249
36,251
36,215
22,251
112,218
223,27
41,27
41,249
41,213
41,251
188,213
18,27
18,251
25,27
25,218
25,249
28,251
25,251
28,27
78,251
72,213
19,251
19,249
142,213
54,27
224,27
225,27
7,251
7,249
7,27
7,218
153,27
153,251
54,251
54,215
54,249
24,251
24,27
35,27
39,215
39,251
32,213
126,251
126,27
176,213
195,213
53,213
53,27
5,182
5,249
5,27
5,251
5,218
5,215
189,213
40,251
142,251
142,27
142,249
142,215
16,27
24,213
127,27
127,215
38,251
38,27
49,27
196,213
27,251
26,218
26,215
194,213
197,213
55,213
13,249
198,213
171,213
14,213
65,27
20,251
12,251
26,27
12,27
26,182
12,213
54,213
138,27
144,213
93,251
146,27
239,27
47,251
47,249
47,27
226,27
190,213
199,213
103,213
103,251
103,27
45,251
45,213
40,27
200,213
200,251
79,251
58,218
154,213
58,213
58,251
12,215
46,215
46,249
46,251
150,27
227,27
137,249
137,251
241,27
179,215
207,218
49,249
242,249
242,27
151,251
2,27
201,27
201,213
243,27
76,218
76,27
76,213
202,213
203,213
204,213
205,213
206,213
2,213
207,213
180,213
208,213
191,213
244,27
74,27
124,27
209,213
11,256
214,256
214,27
214,251
214,215
245,27
93,256
24,256
22,256
25,256
57,256
49,256
246,27
49,251
49,218
14,27
39,256
9,251
9,249
9,215
9,218
41,218
165,260
168,256
93,260
8,260
19,256
257,260
7,260
24,260
28,260
16,260
229,27
71,260
25,260
27,249
191,27
230,27
27,260
6,27
231,27
235,256
73,251
73,27
135,260
262,270
78,270
40,270
20,270
263,270
232,27
9,270
9,27
9,256
9,260
57,270
46,270
157,27
12,270
58,27
264,270
162,270
10,270
10,260
234,270
10,256
233,27
234,27
34,270
235,27
13,260
8,270
236,270
5,270
5,260
131,270
236,27
19,260
19,270
142,270
23,27
27,270
124,270
47,270
93,270
252,256
265,270
77,27
45,270
7,270
26,270
247,27
237,27
266,270
238,27
35,270
24,270
57,27
102,27
102,270
168,27
267,270
222,256
253,256
141,270
93,272
39,272
80,272
70,256
179,270
7,272
24,272
126,270
126,260
28,272
16,272
27,272
25,272
46,256
165,272
5,272
5,256
73,270
259,260
146,270
257,270
257,272
25,270
73,256
70,270
49,270
49,260
71,270
76,270
49,272
16,270
98,270
13,270
58,270
268,270
22,270
256,270
127,270
138,270
34,260
269,270
66,273
46,273
57,273
179,273
39,273
72,273
165,273
34,256
25,273
77,260
5,273
180,270
18,260
18,270
18,256
240,131
27,131
112,131
26,131
57,131
34,131
230,131
279,131
179,131
254,256
7,131
7,273
34,273
66,131
23,270
27,18
45,131
18,131
18,273
25,131
25,18
35,273
5,18
5,131
19,273
19,131
19,18
45,285
25,285
24,18
131,18
11,273
258,260
9,18
9,131
9,273
9,285
5,285
260,285
24,285
7,285
7,18
281,131
46,18
46,285
12,249
18,285
8,33
9,33
27,33
272,33
19,285
19,33
7,33
142,18
142,131
142,273
11,285
25,33
41,18
41,33
41,273
41,285
282,131
175,18
10,18
10,131
10,273
10,33
10,285
227,298
39,298
93,298
53,298
286,33
20,298
18,298
3,298
7,298
137,18
137,131
137,273
24,298
28,298
103,298
45,299
79,298
57,298
54,298
46,298
26,33
26,300
49,298
26,18
26,273
53,2
9,299
9,300
9,2
24,2
46,2
70,298
268,2
25,2
25,300
25,299
25,298
5,2
5,300
5,298
40,2
179,2
214,298
70,18
272,298
44,298
275,273
276,273
110,2
8,273
256,18
256,131
78,298
93,273
138,2
16,2
137,2
52,273
24,299
246,273
290,298
246,299
16,298
28,2
28,299
28,273
28,285
34,2
275,131
93,285
293,298
167,298
284,285
274,273
11,298
23,2
23,18
23,131
23,33
5,33
76,298
291,2
291,298
222,2
222,300
33,2
2,285
283,18
283,131
283,285
283,2
283,298
46,299
135,18
135,131
7,300
7,299
22,298
66,298
294,299
45,300
45,2
36,298
201,300
201,299
18,2
27,298
5,299
93,2
93,131
93,18
141,298
281,299
281,18
281,285
41,298
40,298
292,298
27,2
34,299
161,299
231,33
99,33
178,300
22,299
142,300
142,2
73,298
248,301
93,301
124,301
103,301
26,301
41,301
141,301
141,300
141,299
141,33
46,301
167,301
230,298
230,299
177,2
54,301
72,2
294,298
77,301
281,33
272,301
77,299
22,301
139,33
287,33
288,33
65,301
24,301
295,298
302,301
78,301
110,299
256,301
27,301
27,300
296,298
56,298
13,2
13,298
12,301
138,301
102,298
102,301
93,300
37,301
179,298
38,298
179,79
46,79
139,79
93,79
235,299
24,79
70,79
19,2
19,79
8,79
289,298
262,79
5,79
297,298
27,79
150,79
135,79
168,79
2,299
142,79
58,2
25,79
7,79
222,79
126,2
328,79
11,79
302,79
8,93
103,93
78,93
54,93
46,93
332,93
274,93
329,79
24,93
27,93
186,134
27,134
74,93
112,93
5,93
302,93
22,93
22,79
335,134
22,134
328,134
8,134
336,134
235,93
16,134
322,79
110,79
337,134
153,79
214,93
47,93
7,134
139,134
142,134
102,79
255,79
220,134
26,134
201,134
338,134
200,79
191,93
274,79
46,134
323,134
323,79
301,93
104,93
25,134
339,134
70,93
34,134
5,134
178,134
38,134
38,79
340,134
341,134
340,347
54,347
54,134
54,79
9,134
24,347
7,347
8,347
45,347
5,347
25,347
139,347
26,347
153,347
344,347
235,347
179,134
50,79
220,347
325,79
57,79
86,347
186,347
330,93
330,79
326,79
345,347
34,347
214,347
178,347
272,347
325,347
342,134
19,134
19,347
93,348
179,348
334,93
301,348
178,348
25,348
2,347
41,347
41,79
5,348
250,79
250,93
235,79
235,348
135,348
24,348
327,79
127,347
7,348
35,79
139,348
35,347
230,93
343,347
57,93
20,134
268,347
176,134
93,347
149,93
5,355
40,355
8,355
349,355
11,355
2,348
11,348
343,134
16,355
258,355
93,355
132,347
132,134
350,355
70,355
25,355
235,355
79,355
24,355
24,357
20,355
354,355
335,355
127,355
5,358
112,338
35,355
237,357
262,338
65,358
327,355
47,355
41,355
301,358
73,355
260,355
356,357
141,348
141,358
103,355
16,358
5,357
221,347
8,338
24,338
23,347
25,358
25,338
260,338
135,355
139,338
66,355
139,358
28,355
132,348
139,357
260,257
54,355
222,347
135,257
13,355
192,357
5,338
259,257
25,357
19,257
19,338
272,257
356,338
7,355
7,257
7,338
7,357
350,338
28,357
28,347
71,355
16,257
16,338
8,257
222,357
139,355
139,257
25,257
78,355
76,362
13,362
3,362
72,362
361,362
5,257
5,362
8,362
24,362
7,362
19,362
222,355
220,338
25,362
25,369
363,369
139,369
8,369
71,369
132,369
139,362
19,369
61,369
61,362
48,362
35,369
48,369
70,369
93,257
5,369
364,369
300,361
45,369
86,362
20,369
141,369
141,362
46,355
268,338
318,369
3,369
36,369
132,361
186,372
24,369
153,369
24,372
77,257
132,372
5,372
77,376
5,361
77,377
34,372
77,378
24,376
8,376
8,377
8,378
24,378
40,376
256,376
16,376
16,377
364,376
35,376
5,376
5,377
5,378
153,376
129,355
27,355
27,369
25,361
25,372
25,376
25,377
25,378
179,369
34,378
127,378
45,378
45,376
45,377
79,338
79,369
54,372
54,378
54,369
112,369
72,377
102,369
351,355
8,242
141,242
93,242
39,242
78,242
325,242
26,242
103,242
26,378
103,376
26,376
26,372
26,361
26,369
156,242
139,378
318,378
274,355
3,242
126,378
362,361
23,377
19,376
19,378
25,388
