8316,2813
4644,4854
6993,1133
676,15964
2473,16692
11760,4854
16701,15184
16912,16723
240,10611
16828,16777
2987,2473
12875,13330
224,2352
827,1477
16715,7554
16732,2667
650,16747
6977,1477
12806,13725
14615,240
2473,9344
10611,240
1477,6977
7554,16715
10437,16761
16773,7554
13455,4854
16699,4854
1477,827
2473,5369
16853,9344
16389,3791
16708,16686
7929,11954
14615,14286
16809,16773
9344,10611
11768,4854
16774,11768
16683,16806
9344,4578
16874,9794
16737,7554
16795,10611
9344,16853
11768,16774
16934,734
6977,1477
16751,7554
16784,276
16681,4854
16698,16699
16895,1477
11973,1477
15867,16828
16800,6977
1603,11768
16680,16681
1882,1477
16817,3981
16918,16703
16704,2473
396,16723
5936,13725
16888,2037
6139,16691
11172,216
2230,127
11768,1603
1477,6977
1133,6993
344,10437
59,245
438,1477
6977,16800
11205,16692
2131,16759
16924,12100
1477,1882
6262,2352
1477,438
2382,16732
4750,2560
12651,1477
10628,13725
438,216
5369,2473
6977,1477
1477,12651
16822,7554
4413,4854
1477,6977
5486,6515
6103,4854
16840,1477
216,438
3165,216
16718,12868
16774,11768
6423,16752
16721,5936
16175,4854
1882,1477
16,127
1212,650
8674,16805
16798,5936
3480,734
16880,16721
216,3165
4491,7554
4578,9344
16790,15969
11768,16774
16418,5936
3029,3723
16305,10628
16909,16721
2182,16721
16930,4854
16,16747
3165,216
16707,100
16902,16743
16789,15428
16799,1477
16916,4854
16690,4854
16696,224
16757,4854
16758,2606
16923,650
1373,100
739,16742
11167,4854
16727,16880
16890,1477
16794,4854
16774,11768
16872,16759
16858,16743
12100,16924
5283,16743
9037,216
16884,622
