Cluster Number 22  (t:300 400): [5429, 4442] ===> 
Cluster Number 1  (t:400 500): [17082, 16941, 17062, 16946, 17055, 17129, 16985, 17086, 16952, 4442, 16991, 12159, 686, 16940, 1520, 16965, 13353, 4431, 17042, 758, 17097, 17114, 16942, 4456, 3244, 4680, 16989, 109, 8294, 4740, 17053, 2453, 2839, 16954, 15962, 16943, 2691, 12169, 17059, 17033, 17066, 762, 17112, 11067, 7141, 10440, 3221, 10190, 1961, 17037, 17036, 17040, 17081, 208, 15188]
New Nodes: [17082, 16941, 17062, 16946, 17055, 17129, 16985, 17086, 16952, 16991, 12159, 686, 16940, 1520, 16965, 13353, 4431, 17042, 758, 17097, 17114, 16942, 4456, 3244, 4680, 16989, 109, 8294, 4740, 17053, 2453, 2839, 16954, 15962, 16943, 2691, 12169, 17059, 17033, 17066, 762, 17112, 11067, 7141, 10440, 3221, 10190, 1961, 17037, 17036, 17040, 17081, 208, 15188]

Cluster Number 12  (t:300 400): [16946, 17017] ===> 
Cluster Number 1  (t:400 500): [17082, 16941, 17062, 16946, 17055, 17129, 16985, 17086, 16952, 4442, 16991, 12159, 686, 16940, 1520, 16965, 13353, 4431, 17042, 758, 17097, 17114, 16942, 4456, 3244, 4680, 16989, 109, 8294, 4740, 17053, 2453, 2839, 16954, 15962, 16943, 2691, 12169, 17059, 17033, 17066, 762, 17112, 11067, 7141, 10440, 3221, 10190, 1961, 17037, 17036, 17040, 17081, 208, 15188]
New Nodes: [17082, 16941, 17062, 17055, 17129, 16985, 17086, 16952, 4442, 16991, 12159, 686, 16940, 1520, 16965, 13353, 4431, 17042, 758, 17097, 17114, 16942, 4456, 3244, 4680, 16989, 109, 8294, 4740, 17053, 2453, 2839, 16954, 15962, 16943, 2691, 12169, 17059, 17033, 17066, 762, 17112, 11067, 7141, 10440, 3221, 10190, 1961, 17037, 17036, 17040, 17081, 208, 15188]

Cluster Number 14  (t:300 400): [8597, 16972, 16942, 2839, 17009, 686] ===> 
Cluster Number 1  (t:400 500): [17082, 16941, 17062, 16946, 17055, 17129, 16985, 17086, 16952, 4442, 16991, 12159, 686, 16940, 1520, 16965, 13353, 4431, 17042, 758, 17097, 17114, 16942, 4456, 3244, 4680, 16989, 109, 8294, 4740, 17053, 2453, 2839, 16954, 15962, 16943, 2691, 12169, 17059, 17033, 17066, 762, 17112, 11067, 7141, 10440, 3221, 10190, 1961, 17037, 17036, 17040, 17081, 208, 15188]
New Nodes: [17082, 16941, 17062, 16946, 17055, 17129, 16985, 17086, 16952, 4442, 16991, 12159, 16940, 1520, 16965, 13353, 4431, 17042, 758, 17097, 17114, 4456, 3244, 4680, 16989, 109, 8294, 4740, 17053, 2453, 16954, 15962, 16943, 2691, 12169, 17059, 17033, 17066, 762, 17112, 11067, 7141, 10440, 3221, 10190, 1961, 17037, 17036, 17040, 17081, 208, 15188]

Cluster Number 15  (t:300 400): [17124, 16971, 15027, 13623] ===> 
Cluster Number 5  (t:400 500): [4217, 16971]
New Nodes: [4217]

Cluster Number 16  (t:300 400): [17038, 16950, 17021] ===> 
Cluster Number 14  (t:400 500): [987, 17038]
New Nodes: [987]

Cluster Number 17  (t:300 400): [1879, 17212] ===> 
Cluster Number 10  (t:400 500): [1879, 2151]
New Nodes: [2151]

Cluster Number 1  (t:300 400): [3244, 4456, 16994, 6652, 13176, 17090, 10860] ===> 
Cluster Number 1  (t:400 500): [17082, 16941, 17062, 16946, 17055, 17129, 16985, 17086, 16952, 4442, 16991, 12159, 686, 16940, 1520, 16965, 13353, 4431, 17042, 758, 17097, 17114, 16942, 4456, 3244, 4680, 16989, 109, 8294, 4740, 17053, 2453, 2839, 16954, 15962, 16943, 2691, 12169, 17059, 17033, 17066, 762, 17112, 11067, 7141, 10440, 3221, 10190, 1961, 17037, 17036, 17040, 17081, 208, 15188]
New Nodes: [17082, 16941, 17062, 16946, 17055, 17129, 16985, 17086, 16952, 4442, 16991, 12159, 686, 16940, 1520, 16965, 13353, 4431, 17042, 758, 17097, 17114, 16942, 4680, 16989, 109, 8294, 4740, 17053, 2453, 2839, 16954, 15962, 16943, 2691, 12169, 17059, 17033, 17066, 762, 17112, 11067, 7141, 10440, 3221, 10190, 1961, 17037, 17036, 17040, 17081, 208, 15188]
Cluster Number 9  (t:400 500): [2917, 6317, 17027, 17087, 10860, 16960]
New Nodes: [2917, 6317, 17027, 17087, 16960]

Cluster Number 9  (t:300 400): [17079, 17061, 10840, 14349, 758, 5300, 10978, 17100, 16952, 16947, 17050, 16252, 17113, 12211, 17099, 4725, 1148, 4364, 17098, 16944, 7817, 5037, 17152, 16984, 12538, 774, 2151, 14873, 5090, 1003, 669, 17145, 17060, 16988, 8294, 17071, 101] ===> 
Cluster Number 11  (t:400 500): [5037, 7817]
New Nodes: []
Cluster Number 23  (t:400 500): [14442, 5300]
New Nodes: [14442]
Cluster Number 19  (t:400 500): [5949, 14349]
New Nodes: [5949]
Cluster Number 1  (t:400 500): [17082, 16941, 17062, 16946, 17055, 17129, 16985, 17086, 16952, 4442, 16991, 12159, 686, 16940, 1520, 16965, 13353, 4431, 17042, 758, 17097, 17114, 16942, 4456, 3244, 4680, 16989, 109, 8294, 4740, 17053, 2453, 2839, 16954, 15962, 16943, 2691, 12169, 17059, 17033, 17066, 762, 17112, 11067, 7141, 10440, 3221, 10190, 1961, 17037, 17036, 17040, 17081, 208, 15188]
New Nodes: [17082, 16941, 17062, 16946, 17055, 17129, 16985, 17086, 4442, 16991, 12159, 686, 16940, 1520, 16965, 13353, 4431, 17042, 17097, 17114, 16942, 4456, 3244, 4680, 16989, 109, 4740, 17053, 2453, 2839, 16954, 15962, 16943, 2691, 12169, 17059, 17033, 17066, 762, 17112, 11067, 7141, 10440, 3221, 10190, 1961, 17037, 17036, 17040, 17081, 208, 15188]
Cluster Number 2  (t:400 500): [17095, 9974, 101, 271, 6332, 17002, 16956, 6516]
New Nodes: [17095, 9974, 271, 6332, 17002, 16956, 6516]
Cluster Number 4  (t:400 500): [17190, 5449, 17047, 681, 16947, 1214, 17034, 17012, 16945, 17014, 17030, 17035, 17041, 16977]
New Nodes: [17190, 5449, 17047, 681, 1214, 17034, 17012, 16945, 17014, 17030, 17035, 17041, 16977]
Cluster Number 7  (t:400 500): [16938, 3311, 669, 4661]
New Nodes: [16938, 3311, 4661]
Cluster Number 3  (t:400 500): [15609, 10978]
New Nodes: [15609]
Cluster Number 10  (t:400 500): [1879, 2151]
New Nodes: [1879]

Cluster Number 2  (t:300 400): [16975, 2993, 17118, 1949, 2691, 17153, 11594, 14174, 16983, 17003, 8601, 17073, 17074, 10553, 17056, 17108, 17106, 15762, 17094, 17166, 3219, 17010] ===> 
Cluster Number 13  (t:400 500): [1509, 16949, 258, 3219]
New Nodes: [1509, 16949, 258]
Cluster Number 17  (t:400 500): [15762]
New Nodes: []
Cluster Number 1  (t:400 500): [17082, 16941, 17062, 16946, 17055, 17129, 16985, 17086, 16952, 4442, 16991, 12159, 686, 16940, 1520, 16965, 13353, 4431, 17042, 758, 17097, 17114, 16942, 4456, 3244, 4680, 16989, 109, 8294, 4740, 17053, 2453, 2839, 16954, 15962, 16943, 2691, 12169, 17059, 17033, 17066, 762, 17112, 11067, 7141, 10440, 3221, 10190, 1961, 17037, 17036, 17040, 17081, 208, 15188]
New Nodes: [17082, 16941, 17062, 16946, 17055, 17129, 16985, 17086, 16952, 4442, 16991, 12159, 686, 16940, 1520, 16965, 13353, 4431, 17042, 758, 17097, 17114, 16942, 4456, 3244, 4680, 16989, 109, 8294, 4740, 17053, 2453, 2839, 16954, 15962, 16943, 12169, 17059, 17033, 17066, 762, 17112, 11067, 7141, 10440, 3221, 10190, 1961, 17037, 17036, 17040, 17081, 208, 15188]
Cluster Number 16  (t:400 500): [1949, 16993, 17000, 14962, 17089]
New Nodes: [16993, 17000, 14962, 17089]

Cluster Number 3  (t:300 400): [762, 9017, 1373, 17022, 6764, 271, 16938, 17032, 380, 17077, 3177, 12438, 6658, 16953, 17107, 16990, 16987, 983, 4576, 17091, 4751, 247, 17058] ===> 
Cluster Number 1  (t:400 500): [17082, 16941, 17062, 16946, 17055, 17129, 16985, 17086, 16952, 4442, 16991, 12159, 686, 16940, 1520, 16965, 13353, 4431, 17042, 758, 17097, 17114, 16942, 4456, 3244, 4680, 16989, 109, 8294, 4740, 17053, 2453, 2839, 16954, 15962, 16943, 2691, 12169, 17059, 17033, 17066, 762, 17112, 11067, 7141, 10440, 3221, 10190, 1961, 17037, 17036, 17040, 17081, 208, 15188]
New Nodes: [17082, 16941, 17062, 16946, 17055, 17129, 16985, 17086, 16952, 4442, 16991, 12159, 686, 16940, 1520, 16965, 13353, 4431, 17042, 758, 17097, 17114, 16942, 4456, 3244, 4680, 16989, 109, 8294, 4740, 17053, 2453, 2839, 16954, 15962, 16943, 2691, 12169, 17059, 17033, 17066, 17112, 11067, 7141, 10440, 3221, 10190, 1961, 17037, 17036, 17040, 17081, 208, 15188]
Cluster Number 2  (t:400 500): [17095, 9974, 101, 271, 6332, 17002, 16956, 6516]
New Nodes: [17095, 9974, 101, 6332, 17002, 16956, 6516]
Cluster Number 22  (t:400 500): [17019, 6764]
New Nodes: [17019]
Cluster Number 7  (t:400 500): [16938, 3311, 669, 4661]
New Nodes: [3311, 669, 4661]

Cluster Number 4  (t:300 400): [9974, 17011, 17076, 17035, 17158, 7144] ===> 
Cluster Number 2  (t:400 500): [17095, 9974, 101, 271, 6332, 17002, 16956, 6516]
New Nodes: [17095, 101, 271, 6332, 17002, 16956, 6516]
Cluster Number 4  (t:400 500): [17190, 5449, 17047, 681, 16947, 1214, 17034, 17012, 16945, 17014, 17030, 17035, 17041, 16977]
New Nodes: [17190, 5449, 17047, 681, 16947, 1214, 17034, 17012, 16945, 17014, 17030, 17041, 16977]

Cluster Number 5  (t:300 400): [16941, 13353] ===> 
Cluster Number 1  (t:400 500): [17082, 16941, 17062, 16946, 17055, 17129, 16985, 17086, 16952, 4442, 16991, 12159, 686, 16940, 1520, 16965, 13353, 4431, 17042, 758, 17097, 17114, 16942, 4456, 3244, 4680, 16989, 109, 8294, 4740, 17053, 2453, 2839, 16954, 15962, 16943, 2691, 12169, 17059, 17033, 17066, 762, 17112, 11067, 7141, 10440, 3221, 10190, 1961, 17037, 17036, 17040, 17081, 208, 15188]
New Nodes: [17082, 17062, 16946, 17055, 17129, 16985, 17086, 16952, 4442, 16991, 12159, 686, 16940, 1520, 16965, 4431, 17042, 758, 17097, 17114, 16942, 4456, 3244, 4680, 16989, 109, 8294, 4740, 17053, 2453, 2839, 16954, 15962, 16943, 2691, 12169, 17059, 17033, 17066, 762, 17112, 11067, 7141, 10440, 3221, 10190, 1961, 17037, 17036, 17040, 17081, 208, 15188]

Cluster Number 10  (t:300 400): [1509, 16240, 6317, 12011, 16978, 754, 13819, 17064, 17210, 17111] ===> 
Cluster Number 13  (t:400 500): [1509, 16949, 258, 3219]
New Nodes: [16949, 258, 3219]
Cluster Number 9  (t:400 500): [2917, 6317, 17027, 17087, 10860, 16960]
New Nodes: [2917, 17027, 17087, 10860, 16960]

Cluster Number 21  (t:300 400): [17151, 17217, 8328, 1188] ===> 
Cluster Number 12  (t:400 500): [528, 1188]
New Nodes: [528]

