Cluster Number 13  (t:400 500): [1509, 16949, 258, 3219] ===> 
Cluster Number 22  (t:500 600): [16964, 16949]
New Nodes: [16964]
Cluster Number 10  (t:500 600): [17075, 3219]
New Nodes: [17075]

Cluster Number 25  (t:400 500): [6012, 1529] ===> 
Cluster Number 20  (t:500 600): [1529, 6012]

Cluster Number 19  (t:400 500): [5949, 14349] ===> 
Cluster Number 11  (t:500 600): [5949, 987]
New Nodes: [987]
Cluster Number 6  (t:500 600): [16959, 6332, 15577, 14349, 101, 16961]
New Nodes: [16959, 6332, 15577, 101, 16961]

Cluster Number 1  (t:400 500): [17082, 16941, 17062, 16946, 17055, 17129, 16985, 17086, 16952, 4442, 16991, 12159, 686, 16940, 1520, 16965, 13353, 4431, 17042, 758, 17097, 17114, 16942, 4456, 3244, 4680, 16989, 109, 8294, 4740, 17053, 2453, 2839, 16954, 15962, 16943, 2691, 12169, 17059, 17033, 17066, 762, 17112, 11067, 7141, 10440, 3221, 10190, 1961, 17037, 17036, 17040, 17081, 208, 15188] ===> 
Cluster Number 17  (t:500 600): [17217, 16946]
New Nodes: [17217]
Cluster Number 1  (t:500 600): [13843, 10440, 59, 6658, 686, 16985]
New Nodes: [13843, 59, 6658]
Cluster Number 2  (t:500 600): [15188, 271]
New Nodes: [271]
Cluster Number 4  (t:500 600): [17001, 16952]
New Nodes: [17001]
Cluster Number 21  (t:500 600): [4772, 16965]
New Nodes: [4772]
Cluster Number 24  (t:500 600): [7141, 6515, 4854, 9467, 13725, 13819, 5396, 1714, 16710, 16713, 949, 15964, 16760, 16933, 16743, 16781, 16852, 16810, 2227, 16712, 16842, 16932, 1591, 4527, 16709, 2426, 6481, 14286, 3791, 16725, 16771, 16791, 3622, 8131, 16777, 6136, 10159, 16689, 16785, 734, 3636, 13330, 16697, 16845, 16926, 127, 16686, 16848, 16915, 16755, 16831]
New Nodes: [6515, 4854, 9467, 13725, 13819, 5396, 1714, 16710, 16713, 949, 15964, 16760, 16933, 16743, 16781, 16852, 16810, 2227, 16712, 16842, 16932, 1591, 4527, 16709, 2426, 6481, 14286, 3791, 16725, 16771, 16791, 3622, 8131, 16777, 6136, 10159, 16689, 16785, 734, 3636, 13330, 16697, 16845, 16926, 127, 16686, 16848, 16915, 16755, 16831]
Cluster Number 14  (t:500 600): [13353, 15227, 16914, 16997]
New Nodes: [15227, 16914, 16997]
Cluster Number 16  (t:500 600): [15962, 17152]
New Nodes: [17152]
Cluster Number 18  (t:500 600): [16992, 17040]
New Nodes: [16992]
Cluster Number 7  (t:500 600): [16973, 2453, 16938, 16954, 17104, 17009, 16314, 3177, 17048, 4128, 10840, 3883, 17005, 1373, 8597, 2917, 4396, 4751, 17186, 379, 17103, 6516, 17156, 4740]
New Nodes: [16973, 16938, 17104, 17009, 16314, 3177, 17048, 4128, 10840, 3883, 17005, 1373, 8597, 2917, 4396, 4751, 17186, 379, 17103, 6516, 17156]
Cluster Number 5  (t:500 600): [8183, 16941, 380, 16981]
New Nodes: [8183, 380, 16981]

Cluster Number 2  (t:400 500): [17095, 9974, 101, 271, 6332, 17002, 16956, 6516] ===> 
Cluster Number 6  (t:500 600): [16959, 6332, 15577, 14349, 101, 16961]
New Nodes: [16959, 15577, 14349, 16961]
Cluster Number 2  (t:500 600): [15188, 271]
New Nodes: [15188]
Cluster Number 7  (t:500 600): [16973, 2453, 16938, 16954, 17104, 17009, 16314, 3177, 17048, 4128, 10840, 3883, 17005, 1373, 8597, 2917, 4396, 4751, 17186, 379, 17103, 6516, 17156, 4740]
New Nodes: [16973, 2453, 16938, 16954, 17104, 17009, 16314, 3177, 17048, 4128, 10840, 3883, 17005, 1373, 8597, 2917, 4396, 4751, 17186, 379, 17103, 17156, 4740]

Cluster Number 4  (t:400 500): [17190, 5449, 17047, 681, 16947, 1214, 17034, 17012, 16945, 17014, 17030, 17035, 17041, 16977] ===> 
Cluster Number 15  (t:500 600): [17047, 4483]
New Nodes: [4483]
Cluster Number 3  (t:500 600): [5449, 17012, 5500, 6652, 3520, 16994, 6246, 6793, 669, 17138]
New Nodes: [5500, 6652, 3520, 16994, 6246, 6793, 669, 17138]

Cluster Number 14  (t:400 500): [987, 17038] ===> 
Cluster Number 11  (t:500 600): [5949, 987]
New Nodes: [5949]

Cluster Number 16  (t:400 500): [1949, 16993, 17000, 14962, 17089] ===> 
Cluster Number 8  (t:500 600): [8894, 1949, 17080, 6317, 17006, 16995, 17209, 17109]
New Nodes: [8894, 17080, 6317, 17006, 16995, 17209, 17109]

Cluster Number 18  (t:400 500): [15577, 17065] ===> 
Cluster Number 6  (t:500 600): [16959, 6332, 15577, 14349, 101, 16961]
New Nodes: [16959, 6332, 14349, 101, 16961]

Cluster Number 7  (t:400 500): [16938, 3311, 669, 4661] ===> 
Cluster Number 7  (t:500 600): [16973, 2453, 16938, 16954, 17104, 17009, 16314, 3177, 17048, 4128, 10840, 3883, 17005, 1373, 8597, 2917, 4396, 4751, 17186, 379, 17103, 6516, 17156, 4740]
New Nodes: [16973, 2453, 16954, 17104, 17009, 16314, 3177, 17048, 4128, 10840, 3883, 17005, 1373, 8597, 2917, 4396, 4751, 17186, 379, 17103, 6516, 17156, 4740]
Cluster Number 3  (t:500 600): [5449, 17012, 5500, 6652, 3520, 16994, 6246, 6793, 669, 17138]
New Nodes: [5449, 17012, 5500, 6652, 3520, 16994, 6246, 6793, 17138]

Cluster Number 9  (t:400 500): [2917, 6317, 17027, 17087, 10860, 16960] ===> 
Cluster Number 8  (t:500 600): [8894, 1949, 17080, 6317, 17006, 16995, 17209, 17109]
New Nodes: [8894, 1949, 17080, 17006, 16995, 17209, 17109]
Cluster Number 7  (t:500 600): [16973, 2453, 16938, 16954, 17104, 17009, 16314, 3177, 17048, 4128, 10840, 3883, 17005, 1373, 8597, 2917, 4396, 4751, 17186, 379, 17103, 6516, 17156, 4740]
New Nodes: [16973, 2453, 16938, 16954, 17104, 17009, 16314, 3177, 17048, 4128, 10840, 3883, 17005, 1373, 8597, 4396, 4751, 17186, 379, 17103, 6516, 17156, 4740]
Cluster Number 9  (t:500 600): [17068, 10860]
New Nodes: [17068]

