Cluster Number 6  (t:200 300): [271, 17096] ===> 
Cluster Number 3  (t:300 400): [762, 9017, 1373, 17022, 6764, 271, 16938, 17032, 380, 17077, 3177, 12438, 6658, 16953, 17107, 16990, 16987, 983, 4576, 17091, 4751, 247, 17058]
New Nodes: [762, 9017, 1373, 17022, 6764, 16938, 17032, 380, 17077, 3177, 12438, 6658, 16953, 17107, 16990, 16987, 983, 4576, 17091, 4751, 247, 17058]

Cluster Number 4  (t:200 300): [16946, 1148] ===> 
Cluster Number 12  (t:300 400): [16946, 17017]
New Nodes: [17017]
Cluster Number 9  (t:300 400): [17079, 17061, 10840, 14349, 758, 5300, 10978, 17100, 16952, 16947, 17050, 16252, 17113, 12211, 17099, 4725, 1148, 4364, 17098, 16944, 7817, 5037, 17152, 16984, 12538, 774, 2151, 14873, 5090, 1003, 669, 17145, 17060, 16988, 8294, 17071, 101]
New Nodes: [17079, 17061, 10840, 14349, 758, 5300, 10978, 17100, 16952, 16947, 17050, 16252, 17113, 12211, 17099, 4725, 4364, 17098, 16944, 7817, 5037, 17152, 16984, 12538, 774, 2151, 14873, 5090, 1003, 669, 17145, 17060, 16988, 8294, 17071, 101]

Cluster Number 5  (t:200 300): [10860] ===> 
Cluster Number 1  (t:300 400): [3244, 4456, 16994, 6652, 13176, 17090, 10860]
New Nodes: [3244, 4456, 16994, 6652, 13176, 17090]

Cluster Number 1  (t:200 300): [5297, 16941, 16948, 275, 16963, 2347, 16986, 8994, 1425, 16952, 17046, 17057, 16240, 17054, 3667, 16962, 16983, 17025, 7250, 5549, 16966, 17011, 17122, 12918, 16938, 17028, 17032, 1188, 11241, 14850, 17101, 17018, 3327, 16998, 59, 2691, 16314, 17016, 5749, 9250, 193, 17029, 6652, 12438, 14329, 16990, 17088, 9017, 17117, 4688, 11249, 16968, 17152, 17124, 3320, 15308, 1509, 17039, 7860, 17020, 16976, 17013, 10840, 14873, 17115, 16914, 17063, 16975, 17007, 1140, 1373, 4420, 17022, 17077, 2365, 17004, 17072, 1077, 16980, 17049, 12211, 17008, 17093, 5949, 16967, 17009, 16995, 17056, 686, 830, 17116, 16982, 3883, 17026, 16970, 17015, 16951, 17067, 17207, 8601, 19, 17052, 17078, 16947, 16950, 17121, 1879, 17083, 17134, 13725, 16969, 1171, 13353, 2993, 5873, 16958, 164, 1529, 17045, 3221, 17023, 16939, 17031, 12649, 17105, 17074, 17085, 17120, 16996, 17110, 16974, 17043, 5875, 1520, 6317, 16942, 4483, 4576, 3177, 2099, 11817, 17051, 1083, 17092, 3173, 8294, 17069] ===> 
Cluster Number 11  (t:300 400): [11817, 4939]
New Nodes: [4939]
Cluster Number 13  (t:300 400): [16939, 539]
New Nodes: [539]
Cluster Number 14  (t:300 400): [8597, 16972, 16942, 2839, 17009, 686]
New Nodes: [8597, 16972, 2839]
Cluster Number 15  (t:300 400): [17124, 16971, 15027, 13623]
New Nodes: [16971, 15027, 13623]
Cluster Number 16  (t:300 400): [17038, 16950, 17021]
New Nodes: [17038, 17021]
Cluster Number 17  (t:300 400): [1879, 17212]
New Nodes: [17212]
Cluster Number 1  (t:300 400): [3244, 4456, 16994, 6652, 13176, 17090, 10860]
New Nodes: [3244, 4456, 16994, 13176, 17090, 10860]
Cluster Number 6  (t:300 400): [5272, 17186, 16976, 16443]
New Nodes: [5272, 17186, 16443]
Cluster Number 7  (t:300 400): [7250, 3883]
New Nodes: []
Cluster Number 8  (t:300 400): [17023, 17024]
New Nodes: [17024]
Cluster Number 9  (t:300 400): [17079, 17061, 10840, 14349, 758, 5300, 10978, 17100, 16952, 16947, 17050, 16252, 17113, 12211, 17099, 4725, 1148, 4364, 17098, 16944, 7817, 5037, 17152, 16984, 12538, 774, 2151, 14873, 5090, 1003, 669, 17145, 17060, 16988, 8294, 17071, 101]
New Nodes: [17079, 17061, 14349, 758, 5300, 10978, 17100, 17050, 16252, 17113, 17099, 4725, 1148, 4364, 17098, 16944, 7817, 5037, 16984, 12538, 774, 2151, 5090, 1003, 669, 17145, 17060, 16988, 17071, 101]
Cluster Number 2  (t:300 400): [16975, 2993, 17118, 1949, 2691, 17153, 11594, 14174, 16983, 17003, 8601, 17073, 17074, 10553, 17056, 17108, 17106, 15762, 17094, 17166, 3219, 17010]
New Nodes: [17118, 1949, 17153, 11594, 14174, 17003, 17073, 10553, 17108, 17106, 15762, 17094, 17166, 3219, 17010]
Cluster Number 3  (t:300 400): [762, 9017, 1373, 17022, 6764, 271, 16938, 17032, 380, 17077, 3177, 12438, 6658, 16953, 17107, 16990, 16987, 983, 4576, 17091, 4751, 247, 17058]
New Nodes: [762, 6764, 271, 380, 6658, 16953, 17107, 16987, 983, 17091, 4751, 247, 17058]
Cluster Number 4  (t:300 400): [9974, 17011, 17076, 17035, 17158, 7144]
New Nodes: [9974, 17076, 17035, 17158, 7144]
Cluster Number 5  (t:300 400): [16941, 13353]
New Nodes: []
Cluster Number 20  (t:300 400): [17102, 14850]
New Nodes: [17102]
Cluster Number 10  (t:300 400): [1509, 16240, 6317, 12011, 16978, 754, 13819, 17064, 17210, 17111]
New Nodes: [12011, 16978, 754, 13819, 17064, 17210, 17111]
Cluster Number 21  (t:300 400): [17151, 17217, 8328, 1188]
New Nodes: [17151, 17217, 8328]

