Cluster Number 13  (t:100 200): [16240, 16941, 16952] ===> 
Cluster Number 1  (t:200 300): [5297, 16941, 16948, 275, 16963, 2347, 16986, 8994, 1425, 16952, 17046, 17057, 16240, 17054, 3667, 16962, 16983, 17025, 7250, 5549, 16966, 17011, 17122, 12918, 16938, 17028, 17032, 1188, 11241, 14850, 17101, 17018, 3327, 16998, 59, 2691, 16314, 17016, 5749, 9250, 193, 17029, 6652, 12438, 14329, 16990, 17088, 9017, 17117, 4688, 11249, 16968, 17152, 17124, 3320, 15308, 1509, 17039, 7860, 17020, 16976, 17013, 10840, 14873, 17115, 16914, 17063, 16975, 17007, 1140, 1373, 4420, 17022, 17077, 2365, 17004, 17072, 1077, 16980, 17049, 12211, 17008, 17093, 5949, 16967, 17009, 16995, 17056, 686, 830, 17116, 16982, 3883, 17026, 16970, 17015, 16951, 17067, 17207, 8601, 19, 17052, 17078, 16947, 16950, 17121, 1879, 17083, 17134, 13725, 16969, 1171, 13353, 2993, 5873, 16958, 164, 1529, 17045, 3221, 17023, 16939, 17031, 12649, 17105, 17074, 17085, 17120, 16996, 17110, 16974, 17043, 5875, 1520, 6317, 16942, 4483, 4576, 3177, 2099, 11817, 17051, 1083, 17092, 3173, 8294, 17069]
New Nodes: [5297, 16948, 275, 16963, 2347, 16986, 8994, 1425, 17046, 17057, 17054, 3667, 16962, 16983, 17025, 7250, 5549, 16966, 17011, 17122, 12918, 16938, 17028, 17032, 1188, 11241, 14850, 17101, 17018, 3327, 16998, 59, 2691, 16314, 17016, 5749, 9250, 193, 17029, 6652, 12438, 14329, 16990, 17088, 9017, 17117, 4688, 11249, 16968, 17152, 17124, 3320, 15308, 1509, 17039, 7860, 17020, 16976, 17013, 10840, 14873, 17115, 16914, 17063, 16975, 17007, 1140, 1373, 4420, 17022, 17077, 2365, 17004, 17072, 1077, 16980, 17049, 12211, 17008, 17093, 5949, 16967, 17009, 16995, 17056, 686, 830, 17116, 16982, 3883, 17026, 16970, 17015, 16951, 17067, 17207, 8601, 19, 17052, 17078, 16947, 16950, 17121, 1879, 17083, 17134, 13725, 16969, 1171, 13353, 2993, 5873, 16958, 164, 1529, 17045, 3221, 17023, 16939, 17031, 12649, 17105, 17074, 17085, 17120, 16996, 17110, 16974, 17043, 5875, 1520, 6317, 16942, 4483, 4576, 3177, 2099, 11817, 17051, 1083, 17092, 3173, 8294, 17069]

Cluster Number 1  (t:100 200): [17196, 528, 17168, 17172, 17124, 9616, 7127, 5604] ===> 
Cluster Number 1  (t:200 300): [5297, 16941, 16948, 275, 16963, 2347, 16986, 8994, 1425, 16952, 17046, 17057, 16240, 17054, 3667, 16962, 16983, 17025, 7250, 5549, 16966, 17011, 17122, 12918, 16938, 17028, 17032, 1188, 11241, 14850, 17101, 17018, 3327, 16998, 59, 2691, 16314, 17016, 5749, 9250, 193, 17029, 6652, 12438, 14329, 16990, 17088, 9017, 17117, 4688, 11249, 16968, 17152, 17124, 3320, 15308, 1509, 17039, 7860, 17020, 16976, 17013, 10840, 14873, 17115, 16914, 17063, 16975, 17007, 1140, 1373, 4420, 17022, 17077, 2365, 17004, 17072, 1077, 16980, 17049, 12211, 17008, 17093, 5949, 16967, 17009, 16995, 17056, 686, 830, 17116, 16982, 3883, 17026, 16970, 17015, 16951, 17067, 17207, 8601, 19, 17052, 17078, 16947, 16950, 17121, 1879, 17083, 17134, 13725, 16969, 1171, 13353, 2993, 5873, 16958, 164, 1529, 17045, 3221, 17023, 16939, 17031, 12649, 17105, 17074, 17085, 17120, 16996, 17110, 16974, 17043, 5875, 1520, 6317, 16942, 4483, 4576, 3177, 2099, 11817, 17051, 1083, 17092, 3173, 8294, 17069]
New Nodes: [5297, 16941, 16948, 275, 16963, 2347, 16986, 8994, 1425, 16952, 17046, 17057, 16240, 17054, 3667, 16962, 16983, 17025, 7250, 5549, 16966, 17011, 17122, 12918, 16938, 17028, 17032, 1188, 11241, 14850, 17101, 17018, 3327, 16998, 59, 2691, 16314, 17016, 5749, 9250, 193, 17029, 6652, 12438, 14329, 16990, 17088, 9017, 17117, 4688, 11249, 16968, 17152, 3320, 15308, 1509, 17039, 7860, 17020, 16976, 17013, 10840, 14873, 17115, 16914, 17063, 16975, 17007, 1140, 1373, 4420, 17022, 17077, 2365, 17004, 17072, 1077, 16980, 17049, 12211, 17008, 17093, 5949, 16967, 17009, 16995, 17056, 686, 830, 17116, 16982, 3883, 17026, 16970, 17015, 16951, 17067, 17207, 8601, 19, 17052, 17078, 16947, 16950, 17121, 1879, 17083, 17134, 13725, 16969, 1171, 13353, 2993, 5873, 16958, 164, 1529, 17045, 3221, 17023, 16939, 17031, 12649, 17105, 17074, 17085, 17120, 16996, 17110, 16974, 17043, 5875, 1520, 6317, 16942, 4483, 4576, 3177, 2099, 11817, 17051, 1083, 17092, 3173, 8294, 17069]

Cluster Number 8  (t:100 200): [17156, 17221, 59] ===> 
Cluster Number 1  (t:200 300): [5297, 16941, 16948, 275, 16963, 2347, 16986, 8994, 1425, 16952, 17046, 17057, 16240, 17054, 3667, 16962, 16983, 17025, 7250, 5549, 16966, 17011, 17122, 12918, 16938, 17028, 17032, 1188, 11241, 14850, 17101, 17018, 3327, 16998, 59, 2691, 16314, 17016, 5749, 9250, 193, 17029, 6652, 12438, 14329, 16990, 17088, 9017, 17117, 4688, 11249, 16968, 17152, 17124, 3320, 15308, 1509, 17039, 7860, 17020, 16976, 17013, 10840, 14873, 17115, 16914, 17063, 16975, 17007, 1140, 1373, 4420, 17022, 17077, 2365, 17004, 17072, 1077, 16980, 17049, 12211, 17008, 17093, 5949, 16967, 17009, 16995, 17056, 686, 830, 17116, 16982, 3883, 17026, 16970, 17015, 16951, 17067, 17207, 8601, 19, 17052, 17078, 16947, 16950, 17121, 1879, 17083, 17134, 13725, 16969, 1171, 13353, 2993, 5873, 16958, 164, 1529, 17045, 3221, 17023, 16939, 17031, 12649, 17105, 17074, 17085, 17120, 16996, 17110, 16974, 17043, 5875, 1520, 6317, 16942, 4483, 4576, 3177, 2099, 11817, 17051, 1083, 17092, 3173, 8294, 17069]
New Nodes: [5297, 16941, 16948, 275, 16963, 2347, 16986, 8994, 1425, 16952, 17046, 17057, 16240, 17054, 3667, 16962, 16983, 17025, 7250, 5549, 16966, 17011, 17122, 12918, 16938, 17028, 17032, 1188, 11241, 14850, 17101, 17018, 3327, 16998, 2691, 16314, 17016, 5749, 9250, 193, 17029, 6652, 12438, 14329, 16990, 17088, 9017, 17117, 4688, 11249, 16968, 17152, 17124, 3320, 15308, 1509, 17039, 7860, 17020, 16976, 17013, 10840, 14873, 17115, 16914, 17063, 16975, 17007, 1140, 1373, 4420, 17022, 17077, 2365, 17004, 17072, 1077, 16980, 17049, 12211, 17008, 17093, 5949, 16967, 17009, 16995, 17056, 686, 830, 17116, 16982, 3883, 17026, 16970, 17015, 16951, 17067, 17207, 8601, 19, 17052, 17078, 16947, 16950, 17121, 1879, 17083, 17134, 13725, 16969, 1171, 13353, 2993, 5873, 16958, 164, 1529, 17045, 3221, 17023, 16939, 17031, 12649, 17105, 17074, 17085, 17120, 16996, 17110, 16974, 17043, 5875, 1520, 6317, 16942, 4483, 4576, 3177, 2099, 11817, 17051, 1083, 17092, 3173, 8294, 17069]

Cluster Number 2  (t:100 200): [17162, 639, 17141, 17206, 9237, 420, 17195, 17183, 2102, 17211, 17165] ===> 
Cluster Number 8  (t:200 300): [420]
New Nodes: []

Cluster Number 4  (t:100 200): [13009, 13725, 943, 17154, 626, 8294, 17198, 17200, 2311, 5861, 460, 16687, 17174, 17176, 7817, 16343, 1388, 9432, 17184, 1188, 11594, 17127, 17126, 4065, 10551, 17173, 12169, 774, 17155, 17222, 17129, 1003, 17149, 830, 17188, 3244, 17144, 11817, 17213, 17145, 5550, 2118, 17171, 17220, 17140, 592, 17150, 16123, 5037, 4456, 184, 5493, 754, 17138] ===> 
Cluster Number 7  (t:200 300): [3548, 17198]
New Nodes: [3548]
Cluster Number 1  (t:200 300): [5297, 16941, 16948, 275, 16963, 2347, 16986, 8994, 1425, 16952, 17046, 17057, 16240, 17054, 3667, 16962, 16983, 17025, 7250, 5549, 16966, 17011, 17122, 12918, 16938, 17028, 17032, 1188, 11241, 14850, 17101, 17018, 3327, 16998, 59, 2691, 16314, 17016, 5749, 9250, 193, 17029, 6652, 12438, 14329, 16990, 17088, 9017, 17117, 4688, 11249, 16968, 17152, 17124, 3320, 15308, 1509, 17039, 7860, 17020, 16976, 17013, 10840, 14873, 17115, 16914, 17063, 16975, 17007, 1140, 1373, 4420, 17022, 17077, 2365, 17004, 17072, 1077, 16980, 17049, 12211, 17008, 17093, 5949, 16967, 17009, 16995, 17056, 686, 830, 17116, 16982, 3883, 17026, 16970, 17015, 16951, 17067, 17207, 8601, 19, 17052, 17078, 16947, 16950, 17121, 1879, 17083, 17134, 13725, 16969, 1171, 13353, 2993, 5873, 16958, 164, 1529, 17045, 3221, 17023, 16939, 17031, 12649, 17105, 17074, 17085, 17120, 16996, 17110, 16974, 17043, 5875, 1520, 6317, 16942, 4483, 4576, 3177, 2099, 11817, 17051, 1083, 17092, 3173, 8294, 17069]
New Nodes: [5297, 16941, 16948, 275, 16963, 2347, 16986, 8994, 1425, 16952, 17046, 17057, 16240, 17054, 3667, 16962, 16983, 17025, 7250, 5549, 16966, 17011, 17122, 12918, 16938, 17028, 17032, 11241, 14850, 17101, 17018, 3327, 16998, 59, 2691, 16314, 17016, 5749, 9250, 193, 17029, 6652, 12438, 14329, 16990, 17088, 9017, 17117, 4688, 11249, 16968, 17152, 17124, 3320, 15308, 1509, 17039, 7860, 17020, 16976, 17013, 10840, 14873, 17115, 16914, 17063, 16975, 17007, 1140, 1373, 4420, 17022, 17077, 2365, 17004, 17072, 1077, 16980, 17049, 12211, 17008, 17093, 5949, 16967, 17009, 16995, 17056, 686, 17116, 16982, 3883, 17026, 16970, 17015, 16951, 17067, 17207, 8601, 19, 17052, 17078, 16947, 16950, 17121, 1879, 17083, 17134, 16969, 1171, 13353, 2993, 5873, 16958, 164, 1529, 17045, 3221, 17023, 16939, 17031, 12649, 17105, 17074, 17085, 17120, 16996, 17110, 16974, 17043, 5875, 1520, 6317, 16942, 4483, 4576, 3177, 2099, 17051, 1083, 17092, 3173, 17069]

Cluster Number 5  (t:100 200): [1214, 4751, 17187, 17157, 1718, 17180, 17225, 9241, 9124, 13818, 17169] ===> 
Cluster Number 9  (t:200 300): [17223, 1214]
New Nodes: [17223]

