Cluster Number 8  (t:0 100): [1083, 22115, 26393, 506, 17202, 17137, 17142, 13725, 17218, 17139, 2118, 17179, 3814, 17185, 17201, 17132, 17170, 17131, 17178, 17174, 3244] ===> 
Cluster Number 12  (t:100 200): [17136, 17137]
New Nodes: [17136]
Cluster Number 4  (t:100 200): [13009, 13725, 943, 17154, 626, 8294, 17198, 17200, 2311, 5861, 460, 16687, 17174, 17176, 7817, 16343, 1388, 9432, 17184, 1188, 11594, 17127, 17126, 4065, 10551, 17173, 12169, 774, 17155, 17222, 17129, 1003, 17149, 830, 17188, 3244, 17144, 11817, 17213, 17145, 5550, 2118, 17171, 17220, 17140, 592, 17150, 16123, 5037, 4456, 184, 5493, 754, 17138]
New Nodes: [13009, 943, 17154, 626, 8294, 17198, 17200, 2311, 5861, 460, 16687, 17176, 7817, 16343, 1388, 9432, 17184, 1188, 11594, 17127, 17126, 4065, 10551, 17173, 12169, 774, 17155, 17222, 17129, 1003, 17149, 830, 17188, 17144, 11817, 17213, 17145, 5550, 17171, 17220, 17140, 592, 17150, 16123, 5037, 4456, 184, 5493, 754, 17138]

Cluster Number 38  (t:0 100): [11480, 17124, 17129, 5710, 17125, 626, 8998, 17158, 17164, 5168, 17133, 17198, 423, 4038, 17167, 3927, 13109, 8720, 639, 7442, 13026, 17204, 17215, 10471, 13120, 17143, 4442, 4372, 16321, 528, 17175, 17182, 17193, 15270, 6565, 17203, 17205, 17177, 4046, 3635, 7468, 17216, 3298, 7632, 17187, 17150, 1214, 17130, 3601, 2311, 17147, 16343, 17197] ===> 
Cluster Number 1  (t:100 200): [17196, 528, 17168, 17172, 17124, 9616, 7127, 5604]
New Nodes: [17196, 17168, 17172, 9616, 7127, 5604]
Cluster Number 6  (t:100 200): [17189, 4372]
New Nodes: [17189]
Cluster Number 7  (t:100 200): [16321, 6540]
New Nodes: [6540]
Cluster Number 9  (t:100 200): [17128, 423, 1883, 6526, 17125, 17160, 17208, 17214, 17135, 17194, 17181, 17159]
New Nodes: [17128, 1883, 6526, 17160, 17208, 17214, 17135, 17194, 17181, 17159]
Cluster Number 2  (t:100 200): [17162, 639, 17141, 17206, 9237, 420, 17195, 17183, 2102, 17211, 17165]
New Nodes: [17162, 17141, 17206, 9237, 420, 17195, 17183, 2102, 17211, 17165]
Cluster Number 3  (t:100 200): [5429, 4442, 669, 15027, 17163]
New Nodes: [5429, 669, 15027, 17163]
Cluster Number 4  (t:100 200): [13009, 13725, 943, 17154, 626, 8294, 17198, 17200, 2311, 5861, 460, 16687, 17174, 17176, 7817, 16343, 1388, 9432, 17184, 1188, 11594, 17127, 17126, 4065, 10551, 17173, 12169, 774, 17155, 17222, 17129, 1003, 17149, 830, 17188, 3244, 17144, 11817, 17213, 17145, 5550, 2118, 17171, 17220, 17140, 592, 17150, 16123, 5037, 4456, 184, 5493, 754, 17138]
New Nodes: [13009, 13725, 943, 17154, 8294, 17200, 5861, 460, 16687, 17174, 17176, 7817, 1388, 9432, 17184, 1188, 11594, 17127, 17126, 4065, 10551, 17173, 12169, 774, 17155, 17222, 1003, 17149, 830, 17188, 3244, 17144, 11817, 17213, 17145, 5550, 2118, 17171, 17220, 17140, 592, 16123, 5037, 4456, 184, 5493, 754, 17138]
Cluster Number 5  (t:100 200): [1214, 4751, 17187, 17157, 1718, 17180, 17225, 9241, 9124, 13818, 17169]
New Nodes: [4751, 17157, 1718, 17180, 17225, 9241, 9124, 13818, 17169]

