Cluster Number 16 : (t:100 200): [13725, 17156, 17174, 17220] ===> 
Cluster Number 17 : (t:200 300): [8294, 13725, 17110]
New Nodes: [8294, 17110]

Cluster Number 9 : (t:100 200): [1883, 4442, 16952, 17136, 17165] ===> 
Cluster Number 9 : (t:200 300): [1188, 16952, 17057, 17077]
New Nodes: [1188, 17057, 17077]

Cluster Number 8 : (t:100 200): [1718, 4456, 17127, 17138, 17141, 17180, 17181, 17187, 17198, 17200, 17211] ===> 
Cluster Number 5 : (t:200 300): [830, 1077, 1140, 3667, 14873, 16955, 16963, 17011, 17023, 17049, 17051, 17085, 17123, 17198]
New Nodes: [830, 1077, 1140, 3667, 14873, 16955, 16963, 17011, 17023, 17049, 17051, 17085, 17123]

Cluster Number 7 : (t:100 200): [1214, 1388, 11817, 17137, 17149, 17214] ===> 
Cluster Number 2 : (t:200 300): [59, 164, 271, 420, 686, 1214, 1373, 1509, 2365, 2691, 2993, 3173, 3177, 3327, 3548, 4483, 4576, 5297, 5875, 5949, 6652, 7250, 9017, 9250, 11241, 11249, 11817, 14329, 16941, 16969, 16974, 16983, 16995, 16996, 17004, 17008, 17009, 17013, 17020, 17022, 17025, 17026, 17039, 17043, 17046, 17067, 17078, 17116, 17117, 17124, 17152]
New Nodes: [59, 164, 271, 420, 686, 1373, 1509, 2365, 2691, 2993, 3173, 3177, 3327, 3548, 4483, 4576, 5297, 5875, 5949, 6652, 7250, 9017, 9250, 11241, 11249, 14329, 16941, 16969, 16974, 16983, 16995, 16996, 17004, 17008, 17009, 17013, 17020, 17022, 17025, 17026, 17039, 17043, 17046, 17067, 17078, 17116, 17117, 17124, 17152]

Cluster Number 5 : (t:100 200): [774, 830, 9124, 17208] ===> 
Cluster Number 5 : (t:200 300): [830, 1077, 1140, 3667, 14873, 16955, 16963, 17011, 17023, 17049, 17051, 17085, 17123, 17198]
New Nodes: [1077, 1140, 3667, 14873, 16955, 16963, 17011, 17023, 17049, 17051, 17085, 17123, 17198]

Cluster Number 4 : (t:100 200): [626, 639, 669, 754, 1188, 2102, 4372, 5604, 7127, 9237, 11594, 12169, 13818, 15027, 16687, 16941, 17124, 17144, 17160, 17163, 17168, 17176, 17194, 17196, 17199, 17206] ===> 
Cluster Number 9 : (t:200 300): [1188, 16952, 17057, 17077]
New Nodes: [16952, 17057, 17077]
Cluster Number 2 : (t:200 300): [59, 164, 271, 420, 686, 1214, 1373, 1509, 2365, 2691, 2993, 3173, 3177, 3327, 3548, 4483, 4576, 5297, 5875, 5949, 6652, 7250, 9017, 9250, 11241, 11249, 11817, 14329, 16941, 16969, 16974, 16983, 16995, 16996, 17004, 17008, 17009, 17013, 17020, 17022, 17025, 17026, 17039, 17043, 17046, 17067, 17078, 17116, 17117, 17124, 17152]
New Nodes: [59, 164, 271, 420, 686, 1214, 1373, 1509, 2365, 2691, 2993, 3173, 3177, 3327, 3548, 4483, 4576, 5297, 5875, 5949, 6652, 7250, 9017, 9250, 11241, 11249, 11817, 14329, 16969, 16974, 16983, 16995, 16996, 17004, 17008, 17009, 17013, 17020, 17022, 17025, 17026, 17039, 17043, 17046, 17067, 17078, 17116, 17117, 17152]

Cluster Number 2 : (t:100 200): [420, 423, 2118, 2311, 4751, 5037, 6526, 16240] ===> 
Cluster Number 7 : (t:200 300): [1148, 1520, 2347, 3883, 4420, 16240, 16314, 16914, 16970, 17028, 17052, 17115, 17120]
New Nodes: [1148, 1520, 2347, 3883, 4420, 16314, 16914, 16970, 17028, 17052, 17115, 17120]
Cluster Number 2 : (t:200 300): [59, 164, 271, 420, 686, 1214, 1373, 1509, 2365, 2691, 2993, 3173, 3177, 3327, 3548, 4483, 4576, 5297, 5875, 5949, 6652, 7250, 9017, 9250, 11241, 11249, 11817, 14329, 16941, 16969, 16974, 16983, 16995, 16996, 17004, 17008, 17009, 17013, 17020, 17022, 17025, 17026, 17039, 17043, 17046, 17067, 17078, 17116, 17117, 17124, 17152]
New Nodes: [59, 164, 271, 686, 1214, 1373, 1509, 2365, 2691, 2993, 3173, 3177, 3327, 3548, 4483, 4576, 5297, 5875, 5949, 6652, 7250, 9017, 9250, 11241, 11249, 11817, 14329, 16941, 16969, 16974, 16983, 16995, 16996, 17004, 17008, 17009, 17013, 17020, 17022, 17025, 17026, 17039, 17043, 17046, 17067, 17078, 17116, 17117, 17124, 17152]

Cluster Number 1 : (t:100 200): [59, 184, 592, 9241] ===> 
Cluster Number 2 : (t:200 300): [59, 164, 271, 420, 686, 1214, 1373, 1509, 2365, 2691, 2993, 3173, 3177, 3327, 3548, 4483, 4576, 5297, 5875, 5949, 6652, 7250, 9017, 9250, 11241, 11249, 11817, 14329, 16941, 16969, 16974, 16983, 16995, 16996, 17004, 17008, 17009, 17013, 17020, 17022, 17025, 17026, 17039, 17043, 17046, 17067, 17078, 17116, 17117, 17124, 17152]
New Nodes: [164, 271, 420, 686, 1214, 1373, 1509, 2365, 2691, 2993, 3173, 3177, 3327, 3548, 4483, 4576, 5297, 5875, 5949, 6652, 7250, 9017, 9250, 11241, 11249, 11817, 14329, 16941, 16969, 16974, 16983, 16995, 16996, 17004, 17008, 17009, 17013, 17020, 17022, 17025, 17026, 17039, 17043, 17046, 17067, 17078, 17116, 17117, 17124, 17152]

Cluster Number 12 : (t:100 200): [5550, 6540, 8294, 16321, 17145, 17159, 17171, 17183] ===> 
Cluster Number 17 : (t:200 300): [8294, 13725, 17110]
New Nodes: [13725, 17110]

