Cluster Number 5 (t:0 100): [112, 13, 14, 250, 264, 31, 425, 462, 466, 467, 67, 74, 80] ===> 
Cluster Number 5 (t:100 200): [112, 120, 16, 28, 444, 488, 518, 519, 520, 521, 522, 523, 524, 6, 7, 76]
New Nodes: [120, 16, 28, 444, 488, 518, 519, 520, 521, 522, 523, 524, 6, 7, 76]
Cluster Number 6 (t:100 200): [27, 74, 8284]
New Nodes: [27, 8284]
Cluster Number 7 (t:100 200): [10, 103, 106, 11, 124, 365, 371, 41, 461, 462, 493, 526, 527, 530, 78, 82, 8286]
New Nodes: [10, 103, 106, 11, 124, 365, 371, 41, 461, 493, 526, 527, 530, 78, 82, 8286]
Cluster Number 1 (t:100 200): [193, 31, 367, 535, 55, 67]
New Nodes: [193, 367, 535, 55]
Cluster Number 2 (t:100 200): [100, 109, 110, 13, 210, 214, 30, 425, 453, 466, 515, 516, 77]
New Nodes: [100, 109, 110, 210, 214, 30, 453, 515, 516, 77]
Cluster Number 3 (t:100 200): [14, 429, 48, 503, 58]
New Nodes: [429, 48, 503, 58]
Cluster Number 4 (t:100 200): [102, 114, 351, 505, 506, 8, 80]
New Nodes: [102, 114, 351, 505, 506, 8]

Cluster Number 6 (t:0 100): [367, 45, 77] ===> 
Cluster Number 1 (t:100 200): [193, 31, 367, 535, 55, 67]
New Nodes: [193, 31, 535, 55, 67]
Cluster Number 2 (t:100 200): [100, 109, 110, 13, 210, 214, 30, 425, 453, 466, 515, 516, 77]
New Nodes: [100, 109, 110, 13, 210, 214, 30, 425, 453, 466, 515, 516]

Cluster Number 1 (t:0 100): [107, 163, 429, 76] ===> 
Cluster Number 5 (t:100 200): [112, 120, 16, 28, 444, 488, 518, 519, 520, 521, 522, 523, 524, 6, 7, 76]
New Nodes: [112, 120, 16, 28, 444, 488, 518, 519, 520, 521, 522, 523, 524, 6, 7]
Cluster Number 3 (t:100 200): [14, 429, 48, 503, 58]
New Nodes: [14, 48, 503, 58]

Cluster Number 2 (t:0 100): [120, 124, 191, 2, 214, 301, 464, 6, 8282] ===> 
Cluster Number 5 (t:100 200): [112, 120, 16, 28, 444, 488, 518, 519, 520, 521, 522, 523, 524, 6, 7, 76]
New Nodes: [112, 16, 28, 444, 488, 518, 519, 520, 521, 522, 523, 524, 7, 76]
Cluster Number 7 (t:100 200): [10, 103, 106, 11, 124, 365, 371, 41, 461, 462, 493, 526, 527, 530, 78, 82, 8286]
New Nodes: [10, 103, 106, 11, 365, 371, 41, 461, 462, 493, 526, 527, 530, 78, 82, 8286]
Cluster Number 2 (t:100 200): [100, 109, 110, 13, 210, 214, 30, 425, 453, 466, 515, 516, 77]
New Nodes: [100, 109, 110, 13, 210, 30, 425, 453, 466, 515, 516, 77]

Cluster Number 3 (t:0 100): [10, 101, 102, 104, 105, 108, 109, 111, 113, 114, 115, 116, 117, 118, 119, 121, 122, 123, 16, 28, 30, 72, 94] ===> 
Cluster Number 5 (t:100 200): [112, 120, 16, 28, 444, 488, 518, 519, 520, 521, 522, 523, 524, 6, 7, 76]
New Nodes: [112, 120, 444, 488, 518, 519, 520, 521, 522, 523, 524, 6, 7, 76]
Cluster Number 7 (t:100 200): [10, 103, 106, 11, 124, 365, 371, 41, 461, 462, 493, 526, 527, 530, 78, 82, 8286]
New Nodes: [103, 106, 11, 124, 365, 371, 41, 461, 462, 493, 526, 527, 530, 78, 82, 8286]
Cluster Number 2 (t:100 200): [100, 109, 110, 13, 210, 214, 30, 425, 453, 466, 515, 516, 77]
New Nodes: [100, 110, 13, 210, 214, 425, 453, 466, 515, 516, 77]
Cluster Number 4 (t:100 200): [102, 114, 351, 505, 506, 8, 80]
New Nodes: [351, 505, 506, 8, 80]

Cluster Number 4 (t:0 100): [100, 103, 106, 110, 157, 17, 171, 19, 291, 364, 460, 475, 476, 478, 479, 480, 78, 89] ===> 
Cluster Number 7 (t:100 200): [10, 103, 106, 11, 124, 365, 371, 41, 461, 462, 493, 526, 527, 530, 78, 82, 8286]
New Nodes: [10, 11, 124, 365, 371, 41, 461, 462, 493, 526, 527, 530, 82, 8286]
Cluster Number 2 (t:100 200): [100, 109, 110, 13, 210, 214, 30, 425, 453, 466, 515, 516, 77]
New Nodes: [109, 13, 210, 214, 30, 425, 453, 466, 515, 516, 77]

