Cluster Number 1 (t:400 500): [100, 112, 138, 157, 160, 165, 19, 191, 200, 236, 253, 264, 274, 28, 3, 306, 31, 343, 363, 366, 4, 402, 41, 446, 453, 461, 488, 497, 535, 540, 541, 57, 6, 67, 70, 73, 74] ===> 
Cluster Number 1 (t:500 600): [138, 250, 296, 298, 328, 399, 492, 493]
New Nodes: [250, 296, 298, 328, 399, 492, 493]
Cluster Number 2 (t:500 600): [10, 105, 11, 112, 13, 137, 14, 146, 15, 151, 157, 160, 165, 186, 20, 207, 210, 225, 24, 243, 248, 25, 27, 274, 28, 3, 340, 35, 365, 40, 425, 442, 443, 445, 446, 447, 448, 449, 450, 46, 47, 48, 5, 52, 55, 71, 72, 73, 74, 77, 86, 89, 95]
New Nodes: [10, 105, 11, 13, 137, 14, 146, 15, 151, 186, 20, 207, 210, 225, 24, 243, 248, 25, 27, 340, 35, 365, 40, 425, 442, 443, 445, 447, 448, 449, 450, 46, 47, 48, 5, 52, 55, 71, 72, 77, 86, 89, 95]
Cluster Number 3 (t:500 600): [124, 125, 16, 174, 18, 200, 22, 253, 26, 332, 341, 37, 4, 41, 50, 54, 542, 543, 544, 56, 57, 6, 7, 70, 78]
New Nodes: [124, 125, 16, 174, 18, 22, 26, 332, 341, 37, 50, 54, 542, 543, 544, 56, 7, 78]

Cluster Number 2 (t:400 500): [459, 464, 510, 512, 513, 71, 75, 97] ===> 
Cluster Number 2 (t:500 600): [10, 105, 11, 112, 13, 137, 14, 146, 15, 151, 157, 160, 165, 186, 20, 207, 210, 225, 24, 243, 248, 25, 27, 274, 28, 3, 340, 35, 365, 40, 425, 442, 443, 445, 446, 447, 448, 449, 450, 46, 47, 48, 5, 52, 55, 71, 72, 73, 74, 77, 86, 89, 95]
New Nodes: [10, 105, 11, 112, 13, 137, 14, 146, 15, 151, 157, 160, 165, 186, 20, 207, 210, 225, 24, 243, 248, 25, 27, 274, 28, 3, 340, 35, 365, 40, 425, 442, 443, 445, 446, 447, 448, 449, 450, 46, 47, 48, 5, 52, 55, 72, 73, 74, 77, 86, 89, 95]

Cluster Number 3 (t:400 500): [103, 1076, 151, 217, 27, 351, 55] ===> 
Cluster Number 2 (t:500 600): [10, 105, 11, 112, 13, 137, 14, 146, 15, 151, 157, 160, 165, 186, 20, 207, 210, 225, 24, 243, 248, 25, 27, 274, 28, 3, 340, 35, 365, 40, 425, 442, 443, 445, 446, 447, 448, 449, 450, 46, 47, 48, 5, 52, 55, 71, 72, 73, 74, 77, 86, 89, 95]
New Nodes: [10, 105, 11, 112, 13, 137, 14, 146, 15, 157, 160, 165, 186, 20, 207, 210, 225, 24, 243, 248, 25, 274, 28, 3, 340, 35, 365, 40, 425, 442, 443, 445, 446, 447, 448, 449, 450, 46, 47, 48, 5, 52, 71, 72, 73, 74, 77, 86, 89, 95]

Cluster Number 4 (t:400 500): [10, 105, 11, 124, 128, 14, 20, 24, 298, 327, 36, 39, 40, 425, 46, 491, 50, 54, 7, 72, 76, 78, 79, 8, 80, 85, 86] ===> 
Cluster Number 1 (t:500 600): [138, 250, 296, 298, 328, 399, 492, 493]
New Nodes: [138, 250, 296, 328, 399, 492, 493]
Cluster Number 2 (t:500 600): [10, 105, 11, 112, 13, 137, 14, 146, 15, 151, 157, 160, 165, 186, 20, 207, 210, 225, 24, 243, 248, 25, 27, 274, 28, 3, 340, 35, 365, 40, 425, 442, 443, 445, 446, 447, 448, 449, 450, 46, 47, 48, 5, 52, 55, 71, 72, 73, 74, 77, 86, 89, 95]
New Nodes: [112, 13, 137, 146, 15, 151, 157, 160, 165, 186, 207, 210, 225, 243, 248, 25, 27, 274, 28, 3, 340, 35, 365, 442, 443, 445, 446, 447, 448, 449, 450, 47, 48, 5, 52, 55, 71, 73, 74, 77, 89, 95]
Cluster Number 3 (t:500 600): [124, 125, 16, 174, 18, 200, 22, 253, 26, 332, 341, 37, 4, 41, 50, 54, 542, 543, 544, 56, 57, 6, 7, 70, 78]
New Nodes: [125, 16, 174, 18, 200, 22, 253, 26, 332, 341, 37, 4, 41, 542, 543, 544, 56, 57, 6, 70]

