Cluster Number 1 (t:300 400): [264, 48, 540] ===> 
Cluster Number 1 (t:400 500): [100, 112, 138, 157, 160, 165, 19, 191, 200, 236, 253, 264, 274, 28, 3, 306, 31, 343, 363, 366, 4, 402, 41, 446, 453, 461, 488, 497, 535, 540, 541, 57, 6, 67, 70, 73, 74]
New Nodes: [100, 112, 138, 157, 160, 165, 19, 191, 200, 236, 253, 274, 28, 3, 306, 31, 343, 363, 366, 4, 402, 41, 446, 453, 461, 488, 497, 535, 541, 57, 6, 67, 70, 73, 74]

Cluster Number 2 (t:300 400): [100, 11, 119, 138, 14, 210, 236, 27, 32, 439, 453, 454, 461, 462, 80] ===> 
Cluster Number 1 (t:400 500): [100, 112, 138, 157, 160, 165, 19, 191, 200, 236, 253, 264, 274, 28, 3, 306, 31, 343, 363, 366, 4, 402, 41, 446, 453, 461, 488, 497, 535, 540, 541, 57, 6, 67, 70, 73, 74]
New Nodes: [112, 157, 160, 165, 19, 191, 200, 253, 264, 274, 28, 3, 306, 31, 343, 363, 366, 4, 402, 41, 446, 488, 497, 535, 540, 541, 57, 6, 67, 70, 73, 74]
Cluster Number 3 (t:400 500): [103, 1076, 151, 217, 27, 351, 55]
New Nodes: [103, 1076, 151, 217, 351, 55]
Cluster Number 4 (t:400 500): [10, 105, 11, 124, 128, 14, 20, 24, 298, 327, 36, 39, 40, 425, 46, 491, 50, 54, 7, 72, 76, 78, 79, 8, 80, 85, 86]
New Nodes: [10, 105, 124, 128, 20, 24, 298, 327, 36, 39, 40, 425, 46, 491, 50, 54, 7, 72, 76, 78, 79, 8, 85, 86]

Cluster Number 3 (t:300 400): [110, 17, 191, 214, 399, 452, 455, 456, 457, 464, 471, 55, 8283] ===> 
Cluster Number 1 (t:400 500): [100, 112, 138, 157, 160, 165, 19, 191, 200, 236, 253, 264, 274, 28, 3, 306, 31, 343, 363, 366, 4, 402, 41, 446, 453, 461, 488, 497, 535, 540, 541, 57, 6, 67, 70, 73, 74]
New Nodes: [100, 112, 138, 157, 160, 165, 19, 200, 236, 253, 264, 274, 28, 3, 306, 31, 343, 363, 366, 4, 402, 41, 446, 453, 461, 488, 497, 535, 540, 541, 57, 6, 67, 70, 73, 74]
Cluster Number 2 (t:400 500): [459, 464, 510, 512, 513, 71, 75, 97]
New Nodes: [459, 510, 512, 513, 71, 75, 97]
Cluster Number 3 (t:400 500): [103, 1076, 151, 217, 27, 351, 55]
New Nodes: [103, 1076, 151, 217, 27, 351]

Cluster Number 4 (t:300 400): [10, 102, 103, 125, 13, 151, 154, 20, 24, 30, 301, 327, 335, 351, 364, 37, 40, 425, 459, 460, 493, 538, 539, 54, 66, 7, 72, 74, 78, 79, 8, 86, 89] ===> 
Cluster Number 1 (t:400 500): [100, 112, 138, 157, 160, 165, 19, 191, 200, 236, 253, 264, 274, 28, 3, 306, 31, 343, 363, 366, 4, 402, 41, 446, 453, 461, 488, 497, 535, 540, 541, 57, 6, 67, 70, 73, 74]
New Nodes: [100, 112, 138, 157, 160, 165, 19, 191, 200, 236, 253, 264, 274, 28, 3, 306, 31, 343, 363, 366, 4, 402, 41, 446, 453, 461, 488, 497, 535, 540, 541, 57, 6, 67, 70, 73]
Cluster Number 2 (t:400 500): [459, 464, 510, 512, 513, 71, 75, 97]
New Nodes: [464, 510, 512, 513, 71, 75, 97]
Cluster Number 3 (t:400 500): [103, 1076, 151, 217, 27, 351, 55]
New Nodes: [1076, 217, 27, 55]
Cluster Number 4 (t:400 500): [10, 105, 11, 124, 128, 14, 20, 24, 298, 327, 36, 39, 40, 425, 46, 491, 50, 54, 7, 72, 76, 78, 79, 8, 80, 85, 86]
New Nodes: [105, 11, 124, 128, 14, 298, 36, 39, 46, 491, 50, 76, 80, 85]

