Cluster Number 9 (t:200 300): [10, 30, 485, 8285] ===> 
Cluster Number 4 (t:300 400): [10, 102, 103, 125, 13, 151, 154, 20, 24, 30, 301, 327, 335, 351, 364, 37, 40, 425, 459, 460, 493, 538, 539, 54, 66, 7, 72, 74, 78, 79, 8, 86, 89]
New Nodes: [102, 103, 125, 13, 151, 154, 20, 24, 301, 327, 335, 351, 364, 37, 40, 425, 459, 460, 493, 538, 539, 54, 66, 7, 72, 74, 78, 79, 8, 86, 89]

Cluster Number 5 (t:200 300): [103, 16, 533, 54] ===> 
Cluster Number 4 (t:300 400): [10, 102, 103, 125, 13, 151, 154, 20, 24, 30, 301, 327, 335, 351, 364, 37, 40, 425, 459, 460, 493, 538, 539, 54, 66, 7, 72, 74, 78, 79, 8, 86, 89]
New Nodes: [10, 102, 125, 13, 151, 154, 20, 24, 30, 301, 327, 335, 351, 364, 37, 40, 425, 459, 460, 493, 538, 539, 66, 7, 72, 74, 78, 79, 8, 86, 89]

Cluster Number 7 (t:200 300): [109, 13, 138, 27, 429, 439, 453, 48, 551, 58, 73, 76] ===> 
Cluster Number 1 (t:300 400): [264, 48, 540]
New Nodes: [264, 540]
Cluster Number 2 (t:300 400): [100, 11, 119, 138, 14, 210, 236, 27, 32, 439, 453, 454, 461, 462, 80]
New Nodes: [100, 11, 119, 14, 210, 236, 32, 454, 461, 462, 80]
Cluster Number 4 (t:300 400): [10, 102, 103, 125, 13, 151, 154, 20, 24, 30, 301, 327, 335, 351, 364, 37, 40, 425, 459, 460, 493, 538, 539, 54, 66, 7, 72, 74, 78, 79, 8, 86, 89]
New Nodes: [10, 102, 103, 125, 151, 154, 20, 24, 30, 301, 327, 335, 351, 364, 37, 40, 425, 459, 460, 493, 538, 539, 54, 66, 7, 72, 74, 78, 79, 8, 86, 89]

Cluster Number 8 (t:200 300): [364, 371, 425, 460, 514, 55, 66, 74, 78] ===> 
Cluster Number 3 (t:300 400): [110, 17, 191, 214, 399, 452, 455, 456, 457, 464, 471, 55, 8283]
New Nodes: [110, 17, 191, 214, 399, 452, 455, 456, 457, 464, 471, 8283]
Cluster Number 4 (t:300 400): [10, 102, 103, 125, 13, 151, 154, 20, 24, 30, 301, 327, 335, 351, 364, 37, 40, 425, 459, 460, 493, 538, 539, 54, 66, 7, 72, 74, 78, 79, 8, 86, 89]
New Nodes: [10, 102, 103, 125, 13, 151, 154, 20, 24, 30, 301, 327, 335, 351, 37, 40, 459, 493, 538, 539, 54, 7, 72, 79, 8, 86, 89]

Cluster Number 1 (t:200 300): [100, 151, 191, 335, 351, 363, 366, 45, 488, 528, 529, 6, 80, 8286, 89] ===> 
Cluster Number 2 (t:300 400): [100, 11, 119, 138, 14, 210, 236, 27, 32, 439, 453, 454, 461, 462, 80]
New Nodes: [11, 119, 138, 14, 210, 236, 27, 32, 439, 453, 454, 461, 462]
Cluster Number 3 (t:300 400): [110, 17, 191, 214, 399, 452, 455, 456, 457, 464, 471, 55, 8283]
New Nodes: [110, 17, 214, 399, 452, 455, 456, 457, 464, 471, 55, 8283]
Cluster Number 4 (t:300 400): [10, 102, 103, 125, 13, 151, 154, 20, 24, 30, 301, 327, 335, 351, 364, 37, 40, 425, 459, 460, 493, 538, 539, 54, 66, 7, 72, 74, 78, 79, 8, 86, 89]
New Nodes: [10, 102, 103, 125, 13, 154, 20, 24, 30, 301, 327, 364, 37, 40, 425, 459, 460, 493, 538, 539, 54, 66, 7, 72, 74, 78, 79, 8, 86]

Cluster Number 2 (t:200 300): [104, 154, 20, 253, 28, 41, 457, 461, 462, 472, 487, 489, 9, 91] ===> 
Cluster Number 2 (t:300 400): [100, 11, 119, 138, 14, 210, 236, 27, 32, 439, 453, 454, 461, 462, 80]
New Nodes: [100, 11, 119, 138, 14, 210, 236, 27, 32, 439, 453, 454, 80]
Cluster Number 3 (t:300 400): [110, 17, 191, 214, 399, 452, 455, 456, 457, 464, 471, 55, 8283]
New Nodes: [110, 17, 191, 214, 399, 452, 455, 456, 464, 471, 55, 8283]
Cluster Number 4 (t:300 400): [10, 102, 103, 125, 13, 151, 154, 20, 24, 30, 301, 327, 335, 351, 364, 37, 40, 425, 459, 460, 493, 538, 539, 54, 66, 7, 72, 74, 78, 79, 8, 86, 89]
New Nodes: [10, 102, 103, 125, 13, 151, 24, 30, 301, 327, 335, 351, 364, 37, 40, 425, 459, 460, 493, 538, 539, 54, 66, 7, 72, 74, 78, 79, 8, 86, 89]

Cluster Number 3 (t:200 300): [14, 385, 496, 497, 498, 67, 7, 71, 77, 86] ===> 
Cluster Number 2 (t:300 400): [100, 11, 119, 138, 14, 210, 236, 27, 32, 439, 453, 454, 461, 462, 80]
New Nodes: [100, 11, 119, 138, 210, 236, 27, 32, 439, 453, 454, 461, 462, 80]
Cluster Number 4 (t:300 400): [10, 102, 103, 125, 13, 151, 154, 20, 24, 30, 301, 327, 335, 351, 364, 37, 40, 425, 459, 460, 493, 538, 539, 54, 66, 7, 72, 74, 78, 79, 8, 86, 89]
New Nodes: [10, 102, 103, 125, 13, 151, 154, 20, 24, 30, 301, 327, 335, 351, 364, 37, 40, 425, 459, 460, 493, 538, 539, 54, 66, 72, 74, 78, 79, 8, 89]

Cluster Number 4 (t:200 300): [19, 24, 321, 454, 500, 501, 57] ===> 
Cluster Number 2 (t:300 400): [100, 11, 119, 138, 14, 210, 236, 27, 32, 439, 453, 454, 461, 462, 80]
New Nodes: [100, 11, 119, 138, 14, 210, 236, 27, 32, 439, 453, 461, 462, 80]
Cluster Number 4 (t:300 400): [10, 102, 103, 125, 13, 151, 154, 20, 24, 30, 301, 327, 335, 351, 364, 37, 40, 425, 459, 460, 493, 538, 539, 54, 66, 7, 72, 74, 78, 79, 8, 86, 89]
New Nodes: [10, 102, 103, 125, 13, 151, 154, 20, 30, 301, 327, 335, 351, 364, 37, 40, 425, 459, 460, 493, 538, 539, 54, 66, 7, 72, 74, 78, 79, 8, 86, 89]

