Cluster Number 5 (t:100 200): [112, 120, 16, 28, 444, 488, 518, 519, 520, 521, 522, 523, 524, 6, 7, 76] ===> 
Cluster Number 5 (t:200 300): [103, 16, 533, 54]
New Nodes: [103, 533, 54]
Cluster Number 7 (t:200 300): [109, 13, 138, 27, 429, 439, 453, 48, 551, 58, 73, 76]
New Nodes: [109, 13, 138, 27, 429, 439, 453, 48, 551, 58, 73]
Cluster Number 1 (t:200 300): [100, 151, 191, 335, 351, 363, 366, 45, 488, 528, 529, 6, 80, 8286, 89]
New Nodes: [100, 151, 191, 335, 351, 363, 366, 45, 528, 529, 80, 8286, 89]
Cluster Number 2 (t:200 300): [104, 154, 20, 253, 28, 41, 457, 461, 462, 472, 487, 489, 9, 91]
New Nodes: [104, 154, 20, 253, 41, 457, 461, 462, 472, 487, 489, 9, 91]
Cluster Number 3 (t:200 300): [14, 385, 496, 497, 498, 67, 7, 71, 77, 86]
New Nodes: [14, 385, 496, 497, 498, 67, 71, 77, 86]

Cluster Number 6 (t:100 200): [27, 74, 8284] ===> 
Cluster Number 7 (t:200 300): [109, 13, 138, 27, 429, 439, 453, 48, 551, 58, 73, 76]
New Nodes: [109, 13, 138, 429, 439, 453, 48, 551, 58, 73, 76]
Cluster Number 8 (t:200 300): [364, 371, 425, 460, 514, 55, 66, 74, 78]
New Nodes: [364, 371, 425, 460, 514, 55, 66, 78]

Cluster Number 7 (t:100 200): [10, 103, 106, 11, 124, 365, 371, 41, 461, 462, 493, 526, 527, 530, 78, 82, 8286] ===> 
Cluster Number 9 (t:200 300): [10, 30, 485, 8285]
New Nodes: [30, 485, 8285]
Cluster Number 5 (t:200 300): [103, 16, 533, 54]
New Nodes: [16, 533, 54]
Cluster Number 8 (t:200 300): [364, 371, 425, 460, 514, 55, 66, 74, 78]
New Nodes: [364, 425, 460, 514, 55, 66, 74]
Cluster Number 1 (t:200 300): [100, 151, 191, 335, 351, 363, 366, 45, 488, 528, 529, 6, 80, 8286, 89]
New Nodes: [100, 151, 191, 335, 351, 363, 366, 45, 488, 528, 529, 6, 80, 89]
Cluster Number 2 (t:200 300): [104, 154, 20, 253, 28, 41, 457, 461, 462, 472, 487, 489, 9, 91]
New Nodes: [104, 154, 20, 253, 28, 457, 472, 487, 489, 9, 91]

Cluster Number 1 (t:100 200): [193, 31, 367, 535, 55, 67] ===> 
Cluster Number 8 (t:200 300): [364, 371, 425, 460, 514, 55, 66, 74, 78]
New Nodes: [364, 371, 425, 460, 514, 66, 74, 78]
Cluster Number 3 (t:200 300): [14, 385, 496, 497, 498, 67, 7, 71, 77, 86]
New Nodes: [14, 385, 496, 497, 498, 7, 71, 77, 86]

Cluster Number 2 (t:100 200): [100, 109, 110, 13, 210, 214, 30, 425, 453, 466, 515, 516, 77] ===> 
Cluster Number 9 (t:200 300): [10, 30, 485, 8285]
New Nodes: [10, 485, 8285]
Cluster Number 7 (t:200 300): [109, 13, 138, 27, 429, 439, 453, 48, 551, 58, 73, 76]
New Nodes: [138, 27, 429, 439, 48, 551, 58, 73, 76]
Cluster Number 8 (t:200 300): [364, 371, 425, 460, 514, 55, 66, 74, 78]
New Nodes: [364, 371, 460, 514, 55, 66, 74, 78]
Cluster Number 1 (t:200 300): [100, 151, 191, 335, 351, 363, 366, 45, 488, 528, 529, 6, 80, 8286, 89]
New Nodes: [151, 191, 335, 351, 363, 366, 45, 488, 528, 529, 6, 80, 8286, 89]
Cluster Number 3 (t:200 300): [14, 385, 496, 497, 498, 67, 7, 71, 77, 86]
New Nodes: [14, 385, 496, 497, 498, 67, 7, 71, 86]

Cluster Number 3 (t:100 200): [14, 429, 48, 503, 58] ===> 
Cluster Number 7 (t:200 300): [109, 13, 138, 27, 429, 439, 453, 48, 551, 58, 73, 76]
New Nodes: [109, 13, 138, 27, 439, 453, 551, 73, 76]
Cluster Number 3 (t:200 300): [14, 385, 496, 497, 498, 67, 7, 71, 77, 86]
New Nodes: [385, 496, 497, 498, 67, 7, 71, 77, 86]

Cluster Number 4 (t:100 200): [102, 114, 351, 505, 506, 8, 80] ===> 
Cluster Number 1 (t:200 300): [100, 151, 191, 335, 351, 363, 366, 45, 488, 528, 529, 6, 80, 8286, 89]
New Nodes: [100, 151, 191, 335, 363, 366, 45, 488, 528, 529, 6, 8286, 89]

