3244,4456
16975,2993
762,9017
17118,2993
1949,2691
17153,11594
762,1373
14174,16983
17003,2993
17022,17023
6764,271
17024,16941
762,16938
2993,13353
16994,6652
13176,3244
762,17032
380,17077
3177,12438
6658,16941
16953,9017
17079,8601
17061,10840
10840,17061
17073,17074
14349,13353
10553,16975
758,13353
17090,6652
6658,10860
9974,1509
6658,17011
17107,16990
5300,758
10978,16941
9974,16240
17100,16952
6658,16990
17038,16950
17021,16950
9974,14349
9974,17056
17108,16941
16990,6658
8597,16240
9974,1373
16972,6317
12011,9974
16987,9017
983,4576
17091,14349
17224,13818
9974,7250
17106,3883
15762,16983
12011,5300
8601,11817
6658,16990
9974,2691
4939,16947
16990,6658
17050,16952
17076,16941
17035,1949
9974,8601
16252,16941
9974,12438
17113,12211
17099,17011
5272,6658
17186,4751
9974,3177
17094,2691
17166,17158
4725,10840
7144,17100
7144,1148
2118,5550
16946,4939
17017,16942
16978,16947
2839,3883
7144,16941
17186,754
3219,13353
17010,17011
17102,14850
4364,16941
17098,16976
16944,16941
16443,6658
7817,5037
17151,17152
17217,17152
8328,1188
5429,4442
16984,10978
12538,16941
13819,17009
686,16939
539,4576
17064,17011
17210,774
2151,14873
5090,16941
2151,1879
17212,17124
16971,16972
17210,1003
669,17145
17060,16941
669,15027
13623,8597
16988,8294
17071,16941
101,1509
17111,17061
2151,16947
247,380
17058,16941