17082,16941
17095,9974
15609,10978
17062,16946
4217,16971
16979,16969
101,271
17055,16941
17062,17129
16999,15308
2917,6317
1879,2151
16985,16941
17086,16952
17190,4442
5449,16946
5037,7817
17047,16946
681,16947
528,1214
17027,1188
17087,10860
16960,6317
16991,16941
6317,2917
12159,686
16940,16941
461,16938
6317,16960
17125,6526
3311,669
9322,1509
4661,101
16949,1949
6332,101
16993,15762
16957,16958
3311,1520
7817,5037
16965,686
17000,1509
14962,13353
4431,9322
6070,17007
17042,758
686,12159
17097,16952
17114,16942
4456,3244
4680,16941
16989,16941
109,8294
4740,1520
17053,16941
2453,13353
17089,16942
17034,16946
2839,16991
9322,4431
17002,16946
16954,16938
15962,16946
16943,16952
16956,9974
17012,5449
17019,6764
16945,16946
17014,16946
17002,2691
12169,16991
6516,16943
17059,9974
258,3219
14442,5300
3244,4456
16954,3219
17033,16941
16954,2453
17066,762
12159,686
17112,16941
1509,9322
11067,16991
7141,16949
10440,686
987,3221
10190,17038
1961,3219
17030,6516
16954,6332
1961,17042
686,12159
1949,17035
17037,16942
686,10440
1961,2453
17036,16941
16949,7141
12159,686
17040,1520
16971,4217
17081,16991
987,5949
15577,14349
686,12159
17065,15762
17041,5449
16977,16946
14349,15577
208,2691
15188,15962
669,3311
6012,1529
16650,17038
4431,9322