13843,10440
15188,271
5449,17012
17001,16952
5500,6652
16959,6332
8183,16941
8894,1949
59,6658
10440,686
59,16985
3520,5449
686,10440
10440,686
5500,16994
17068,10860
16973,2453
686,10440
5949,987
5500,380
17080,1949
16981,16941
15577,14349
101,6332
987,5949
101,6332
16961,6317
17006,1949
17075,16938
3219,16954
17104,17009
16314,3177
17048,16941
16954,3219
4128,16941
2393,12011
431,16938
6317,16961
2393,14349
2393,16953
13353,3219
15227,16914
13353,3219
16997,15962
17152,17217
16946,17047
4483,10840
10840,4483
380,5500
4483,10840
3883,3177
17005,16941
2453,16954
1373,8597
2453,16973
1373,2453
2917,6317
4396,16941
4751,17186
8597,1373
379,17080
16954,2453
379,16995
17084,17058
2453,16954
5500,380
2453,1373
16954,2453
1529,6012
2453,16954
380,5500
16954,2453
16992,17040
16992,16946
6246,5449
6317,2917
16946,16992
6793,669
17209,17138
17109,6317
17138,17209
17103,16941
6516,17156
4772,4740
16964,16965
7141,16949
6515,4854
9467,4854
13725,4854
13819,4854
5396,4854
13725,9467
1714,4854
9467,13725
16710,4854
16713,13725
949,4854
15964,4854
16760,4854
16933,4854
16743,4854
16781,4854
16852,4854
16810,9467
2227,4854
16712,16713
16842,5396
16932,949
1591,16710
4527,15964
16709,4854
943,4854
2426,9467
6481,15964
14286,16710
3791,4854
16725,5396
16771,16710
1714,5396
13819,13725
16791,15964
3622,16713
8131,16710
16777,9467
6136,943
10159,4854
13819,16712
16689,4854
16785,1714
734,1714
3636,15964
13330,4854
16697,6515
16845,16760
16926,16760
127,16709
16686,6515
16787,4854
16848,5396
16915,5396
1477,16725
9467,16777
14182,3622
16755,10159
16831,2227
1714,16781
13819,3622