15006,15638
15683,4227
15689,15006
15831,8424
1196,5732
4227,15683
5088,6557
8997,545
9052,3493
142,15754
15741,15742
5088,9974
4434,15718
15677,4227
15682,15006
11944,15006
5088,36
265,827
8706,6832
8997,9052
4227,15677
1524,4434
13835,15006
225,15006
15716,6557
222,6878
6896,13835
15787,317
12735,15747
13554,2995
4434,13554
8997,6832
15659,15638
15665,6896
15701,225
827,265
15684,15638
15746,15713
2987,15638
850,11944
1212,1254
15811,3493
15641,15638
15745,3245
15828,3493
15681,15638
6088,225
1171,265
15671,225
15818,6557
12649,6832
1212,11145
15774,15712
1212,142
15767,15713
3883,3493
15833,15709
2406,11677
1634,15288
9005,15638
15749,11462
15782,9974
1171,15659
15758,12649
9011,15638
15757,15724
15687,15638
15762,15719
15815,3493
15830,6832
1212,15794
2995,13554
15673,15638
659,15709
3684,6557
15645,6088
15698,6896
16115,11677
15655,15638
15710,3883
15652,15638
46,15709
3897,6088
9329,4434
1576,15645
15643,9005
1212,9974
15691,6088
15810,1196
9005,15643
15646,15638
15639,6088
15724,15757
15761,5466
9329,2995
15643,9005
369,15723
920,659
8997,15740
15829,3493
8625,850
15692,15638
15823,3493
14646,2995
15812,13596
15663,6088
15657,15655
15772,4434
8625,15701
3520,15652
8625,3897
1093,15639
15762,15719
5374,15767
12634,15639
15822,3493
15652,3520
8997,15731
3914,920
15802,15815
15702,15639
15783,3493
15760,18
6557,15638
827,6088
10023,3493
15662,15639
5374,5752
10595,15720
15653,15638
3736,265
2371,659
6557,4227
8997,9974
15785,659
15667,15639
15651,4227
15676,15639
15835,15760
8997,6557
15649,15639
15661,1171
6833,15638
14564,6088
1853,10595