9052,7515
4714,1081
3684,15863
5657,14078
1212,15866
4243,5657
3043,15885
10753,15933
5657,1172
16125,7515
5657,4243
16002,15933
10437,15563
16100,7515
1212,1214
2406,11677
1293,639
15873,85
10437,12075
85,15873
360,7515
5178,16056
16102,7515
16183,11677
1540,6231
15982,7515
15941,7515
42,7515
1540,85
15887,15888
6087,7515
5747,15863
15936,11677
1711,15959
2987,15843
16089,16098
16108,16158
8304,3786
15856,9544
5482,16051
387,15842
15877,15868
16137,7515
51,1942
15956,7515
16004,7515
16112,11677
697,15868
16160,4826
15852,639
4826,16160
15898,1212
16004,7515
16117,1477
6345,1212
2043,3425
11696,15839
16022,7525
1214,1212
16192,15939
15987,2646
16164,7515
16009,15965
5618,11677
951,3786
15870,6447
639,15852
9897,11677
16159,1949
16048,7515
16027,7515
16092,7515
16027,7515
11380,7515
15932,7515
16225,16216
16151,15999
16037,1171
773,7515
4847,15962
7948,85
12921,9544
15978,7515
3220,15851
5317,1942
16107,16108
3786,951
16161,7515
652,1681
652,15877
2118,2365
652,2987
16069,7515
16823,16676
7746,3714
1681,652
7746,15911
15920,15911
16155,7515
11677,5618
11677,16054
11677,15938
3714,7746
11677,2365
14075,16576
7746,3714
11677,16026
11677,15942
11677,2406
11677,16183
11677,16112
2987,652