17196,528
17162,639
5429,4442
17168,528
17172,17124
9616,17124
17141,17124
13009,13725
17189,4372
943,17124
639,17162
17156,1214
4751,13725
17128,1214
17154,17124
17206,626
8294,17198
17200,17124
2311,1214
5861,4751
9237,639
420,17206
460,423
460,17154
669,4751
2311,17128
17195,17124
16687,17124
17183,639
669,17174
17176,17124
7817,17128
669,17187
17157,13725
7127,17124
5604,528
16687,16343
1388,16321
2102,17141
6540,1214
420,17162
9432,17141
420,17183
17184,16343
1188,1214
11594,17124
4751,669
17127,17124
17126,16687
17148,626
4065,669
639,17183
10551,16343
17173,17124
12169,17124
774,2311
17155,17124
12169,17124
17136,17137
1883,4751
6526,17125
17160,17126
17208,2311
17214,1214
1718,4751
17135,17126
17194,4751
17222,17124
17181,669
17159,17160
17180,1214
2311,774
17199,7817
17161,17129
1003,1188
2311,17208
4442,5429
17149,460
830,4065
17211,2102
17165,17137
17188,17129
3244,943
17144,2311
11817,11594
17213,16343
17145,669
2311,17144
5550,2118
17171,1188
16321,1388
17220,17124
17225,4751
9241,4751
15027,669
17163,4442
17140,4751
592,17150
17140,1883
16123,17124
460,17149
5037,7817
4456,17141
184,17140
5493,17124
754,13725
17138,17124
9124,13725
13818,1718
17169,17135
754,4751
13818,17140
13818,2311
17221,17156
59,17171
16240,16941
16952,16941