1510,2071
1510,16773
14182,16825
1477,5500
11241,4740
10973,15839
16580,15839
16589,15839
16581,15839
16578,15839
16567,15839
16583,15839
16586,10973
16591,15839
15945,15839
16572,15839
16657,15839
16664,15839
10973,16586
11007,16586
12422,10973
14184,15839
16571,15839
5550,16581
1576,16580
3723,15945
10973,12422
16616,15839
122,16586
495,16583
16576,10973
12422,15839
15865,16581
558,15839
4513,15839
2078,15839
4070,15839
16566,16567
4154,15839
3168,15839
4513,16580
10973,16576
16592,16583
16586,12422
16672,15839
16714,5936
1853,15839
12422,14184
16586,16572
12065,15945
16622,15839
4527,16571
12422,16586
16609,16586
16610,16572
16635,15839
16654,16581
12794,16576
16565,15839
7934,16578
16562,122
16661,15839
12422,495
3168,15945
3394,4513
16576,10973
10600,15945
16577,15839
400,15839
15945,3168
600,12422
16625,4513
3650,15839
2182,15932
16617,15839
9938,558
16626,15839
15945,10600
16588,400
16611,2078
1593,16580
16576,12794
16608,7934
16630,16571
16621,16611
16929,16
16564,16565
16642,3168
16611,16621
127,16577
16568,16565
1324,16609
247,16576
1516,16562
16647,10973
5461,4513
346,16572
1720,16611
16574,15839
16674,16592
10014,16664
16639,1593
1594,600
16653,15945
16565,16564
9724,15839
16562,1516
12650,15945
5526,10973
2987,15839
16607,247
16666,16630
4513,5461
5369,5461
1757,1516
42,12422
3636,16574
16575,15839
16594,247
247,12065
16593,4513
16655,16617
5188,15839
16637,16609
2646,16586
16576,247
16590,3394
16599,15839
16584,15839
16605,3650
200,16617
12868,5526
7580,15839
16590,4513
2942,10973
8175,247
16908,4750
5835,16574
16582,247
16624,15945
3674,10973
16614,7580
16640,2942
16659,16581
3886,16576
3350,15839
15300,9938
12794,1757
16645,16594
224,1594
3674,16592
8597,16594
8133,16580
16579,16580
636,1720
933,247
16644,15839
224,3168
224,127
16595,16583