4531,920
6557,8653
6557,1874
6557,3684
15738,659
15729,8706
51,3883
15820,12649
15670,15638
5904,1196
7991,12339
51,9588
7653,15693
51,4434
15750,659
15674,6088
51,6557
51,6557
4130,6088
15697,6088
2032,2472
7653,739
858,6088
15696,15304
15656,15655
1196,5904
15763,15764
4455,317
15688,6088
15790,4531
4455,4173
15704,14564
15642,7653
15669,6088
15672,739
1576,6268
7470,15537
1696,6088
211,5878
211,6557
7470,15690
1171,8625
15768,15731
1714,4130
15705,15638
15806,920
4952,8706
1171,15653
15834,6832
4952,15639
369,15806
10410,15796
7562,15806
15722,15723
2987,10595
10113,6088
15806,7562
15784,827
15808,15720
15648,15642
10181,15638
10595,2987
15685,5083
644,2995
7492,15638
15799,9588
15700,15656
1324,6268
15827,827
9174,4227
1324,15690
806,15638
15655,15656
15821,15112
5,15806
1324,920
2995,644
2908,15638
1324,15762
1324,10222
15675,7492
7820,142
850,1171
1324,11145
16095,7515
1324,3367
4130,1714
15706,15639
1324,1196
6268,1324
1324,827
1324,6557
1324,15776
1324,6557
1583,3493
1324,6557
201,345
15553,345
15567,345
15501,345
360,201
15598,345
1324,127
15623,345
15497,201
201,15553
6707,345
4434,15772
201,360
2836,15501
14329,15501
1324,4173
15500,345
201,15497
12043,345
15515,345
15628,345
4045,201
4975,201
15524,360