10595,15641
15752,3883
211,1212
10595,2987
15805,15779
15797,1196
15637,15638
4048,545
211,6557
15288,5374
15655,15657
8653,15766
15694,15638
211,6557
10595,1853
15807,8424
927,15639
8653,1254
8997,6557
211,6557
3565,8424
8653,1212
15304,15673
211,6557
2681,10595
211,6557
15798,15785
411,6833
6557,211
15777,827
1488,15761
211,6557
15737,6878
15735,545
5083,15639
211,6557
4777,659
780,9714
8997,15749
15654,15639
15771,15772
15788,36
15678,15639
15801,15802
9588,3493
10033,3493
211,15758
211,3883
15658,15638
8988,8653
15699,15646
780,15762
15537,15662
1853,10595
920,3914
7521,15709
8653,827
5878,211
3367,9329
739,15639
2472,15638
15775,8653
4173,15712
739,3520
1196,211
10222,827
13842,6896
15680,15641
4173,4434
7459,3883
9714,780
6557,211
88,5083
12339,15691
15714,3493
6557,8997
15679,15639
15650,6088
6268,1576
7653,5083
15723,369
1874,6832
1083,142
2060,3883
1874,15758
15660,15655
639,15638
15690,6088
15809,15801
1874,15724
827,8653
8653,6557
8653,6557
1874,659
1083,3015
1874,6557
7653,15654
15695,15646
1874,768
1534,3493
15733,4777
1186,15798
16246,2943
51,15728
15537,927
15804,1488
15693,9005
51,13045
6557,211
6557,211
15112,15723
51,4173
6557,211
6557,15716
7653,15652
3101,4173
6557,8706
15764,8424
15817,15736