15265,2578
3714,7746
16261,16249
15852,639
11677,9897
15912,15911
15841,639
15940,12491
639,15852
11597,4914
1212,1214
16169,7515
16111,7515
5618,11677
15708,3493
15793,3493
10594,3493
222,3493
3245,3493
11145,3493
15720,3493
15751,3493
10721,3493
15826,3493
2995,3493
15653,15751
15728,3493
15755,3493
15748,3493
222,3493
827,15720
6557,3493
7258,3493
11462,3493
13596,15751
15709,15720
15713,3493
15781,3493
27,11145
127,3493
827,15728
11145,15728
6557,15720
4434,2995
15754,11145
827,27
6557,3493
8365,15781
14010,127
3015,3493
652,1681
698,7258
15732,3493
2995,4434
7797,3493
9496,15653
12841,6557
15756,6557
15776,15781
1196,2995
6557,15713
15747,15720
15766,6557
15731,3493
15800,3493
15728,11145
6557,15756
14889,6557
16156,7515
36,8365
15765,13596
15718,4434
36,15731
15717,13596
15786,6557
15832,3493
15724,15747
2347,3493
6557,15786
8424,3493
10064,3493
15778,3493
8611,2995
15742,15731
15794,1196
8432,8365
15743,36
15707,36
7820,827
2995,8611
6557,8365
13933,6557
15730,36
7462,6557
4968,11462
7820,222
9974,7820
15726,7258
15803,3493
4434,2995
15824,3493
6557,14889
15719,15765
6557,13933
15724,2995
1254,12841
4434,15719
7820,36
15773,6557
18,827
9974,11462
15796,3493
15816,15719
15712,15731
15719,4434
6557,15773
7820,9974
11145,15754
4434,827
142,7820
6557,7462
7349,15778
15770,6557
1196,15747
6878,7820
15721,6557
15792,15709
15711,15712
15836,15816
9974,15732
15723,15742
15740,3493
15744,15653
6557,15770
15719,15816
15759,15731
15715,2347
5466,15709
9974,15778
5779,10721
6557,15721
6832,3493
9974,2347
10297,1196
15734,15719
15713,6557
15753,15754
545,3493
5088,5466
5088,1196
4434,15719
6557,15713
9714,15719
5088,15724
4434,15718
15744,4434
15779,10594
15795,36
5088,6557
5732,1196
8706,6557
3714,3015
4434,15744
317,15759
5752,8424
13045,15747
15736,3493
15789,15765
15288,8424
15769,15731
15744,15717
827,7820
8706,127
15780,8424
15813,15744
4227,15638
4834,6832
15718,4434