Cluster Number 33  (t:200 300): [1455, 1456] ===> 
Cluster Number 30  (t:300 400): [133, 134, 439, 1206, 450, 1455]
New Nodes: [133, 134, 439, 1206, 450]

Cluster Number 13  (t:200 300): [809, 808, 273, 806, 1514, 810] ===> 
Cluster Number 4  (t:300 400): [675, 1535, 273, 1554, 1629, 1, 1630, 141]
New Nodes: [675, 1535, 1554, 1629, 1, 1630, 141]
Cluster Number 32  (t:300 400): [1640, 1641, 1621, 1622, 1623, 806]
New Nodes: [1640, 1641, 1621, 1622, 1623]

Cluster Number 15  (t:200 300): [453, 1090, 1426, 1427, 635, 1291, 152, 298, 1299, 1370] ===> 
Cluster Number 11  (t:300 400): [635, 791]
New Nodes: [791]
Cluster Number 31  (t:300 400): [1118, 1090]
New Nodes: [1118]
Cluster Number 10  (t:300 400): [1338, 298]
New Nodes: [1338]

Cluster Number 29  (t:200 300): [1261, 984] ===> 
Cluster Number 22  (t:300 400): [261, 1524, 1261, 449]
New Nodes: [261, 1524, 449]

Cluster Number 19  (t:200 300): [130, 129, 1438, 1431, 131, 1439, 1086, 132] ===> 
Cluster Number 3  (t:300 400): [1256, 1255, 1163, 1182, 1181, 129, 1183]
New Nodes: [1256, 1255, 1163, 1182, 1181, 1183]
Cluster Number 5  (t:300 400): [1229, 1086]
New Nodes: [1229]

Cluster Number 1  (t:200 300): [1422, 1421, 888, 1504, 1505, 410] ===> 
Cluster Number 2  (t:300 400): [1417, 1379, 853, 887, 882, 676, 1534, 259, 1241, 888, 1235, 1381, 1420, 1419, 861, 239, 1448, 1277, 1275, 727, 889, 1568]
New Nodes: [1417, 1379, 853, 887, 882, 676, 1534, 259, 1241, 1235, 1381, 1420, 1419, 861, 239, 1448, 1277, 1275, 727, 889, 1568]
Cluster Number 9  (t:300 400): [1527, 1422]
New Nodes: [1527]

Cluster Number 6  (t:200 300): [1429, 1430] ===> 
Cluster Number 35  (t:300 400): [1457, 1429]
New Nodes: [1457]

Cluster Number 8  (t:200 300): [119, 853, 1084, 754, 444, 1437, 1289, 1460, 1415, 1367, 1365, 1397, 1276, 771, 1321, 1322, 173, 111, 1398, 1508, 128, 871, 872, 1416, 386, 1368] ===> 
Cluster Number 12  (t:300 400): [1141, 1140, 322, 1311, 452, 1563, 1564, 1142, 1411, 1143, 771, 883]
New Nodes: [1141, 1140, 322, 1311, 452, 1563, 1564, 1142, 1411, 1143, 883]
Cluster Number 16  (t:300 400): [40, 41, 42, 966, 1322, 1467]
New Nodes: [40, 41, 42, 966, 1467]
Cluster Number 28  (t:300 400): [173, 615, 1145, 485]
New Nodes: [615, 1145, 485]
Cluster Number 2  (t:300 400): [1417, 1379, 853, 887, 882, 676, 1534, 259, 1241, 888, 1235, 1381, 1420, 1419, 861, 239, 1448, 1277, 1275, 727, 889, 1568]
New Nodes: [1417, 1379, 887, 882, 676, 1534, 259, 1241, 888, 1235, 1381, 1420, 1419, 861, 239, 1448, 1277, 1275, 727, 889, 1568]
Cluster Number 21  (t:300 400): [236, 260, 1304, 1032, 1084, 1601]
New Nodes: [236, 260, 1304, 1032, 1601]

Cluster Number 2  (t:200 300): [1380, 1379] ===> 
Cluster Number 2  (t:300 400): [1417, 1379, 853, 887, 882, 676, 1534, 259, 1241, 888, 1235, 1381, 1420, 1419, 861, 239, 1448, 1277, 1275, 727, 889, 1568]
New Nodes: [1417, 853, 887, 882, 676, 1534, 259, 1241, 888, 1235, 1381, 1420, 1419, 861, 239, 1448, 1277, 1275, 727, 889, 1568]

Cluster Number 31  (t:200 300): [1254, 1255] ===> 
Cluster Number 3  (t:300 400): [1256, 1255, 1163, 1182, 1181, 129, 1183]
New Nodes: [1256, 1163, 1182, 1181, 129, 1183]

Cluster Number 22  (t:200 300): [1411, 455] ===> 
Cluster Number 12  (t:300 400): [1141, 1140, 322, 1311, 452, 1563, 1564, 1142, 1411, 1143, 771, 883]
New Nodes: [1141, 1140, 322, 1311, 452, 1563, 1564, 1142, 1143, 771, 883]

Cluster Number 12  (t:200 300): [1207, 1206] ===> 
Cluster Number 30  (t:300 400): [133, 134, 439, 1206, 450, 1455]
New Nodes: [133, 134, 439, 450, 1455]

Cluster Number 34  (t:200 300): [1417, 1290] ===> 
Cluster Number 2  (t:300 400): [1417, 1379, 853, 887, 882, 676, 1534, 259, 1241, 888, 1235, 1381, 1420, 1419, 861, 239, 1448, 1277, 1275, 727, 889, 1568]
New Nodes: [1379, 853, 887, 882, 676, 1534, 259, 1241, 888, 1235, 1381, 1420, 1419, 861, 239, 1448, 1277, 1275, 727, 889, 1568]

Cluster Number 3  (t:200 300): [883, 882, 854, 121, 117, 158, 884, 1325, 1326, 770, 769, 454, 662, 1309, 1081, 1412, 566, 562, 277, 885, 456, 886] ===> 
Cluster Number 12  (t:300 400): [1141, 1140, 322, 1311, 452, 1563, 1564, 1142, 1411, 1143, 771, 883]
New Nodes: [1141, 1140, 322, 1311, 452, 1563, 1564, 1142, 1411, 1143, 771]
Cluster Number 48  (t:300 400): [1544, 770]
New Nodes: [1544]
Cluster Number 2  (t:300 400): [1417, 1379, 853, 887, 882, 676, 1534, 259, 1241, 888, 1235, 1381, 1420, 1419, 861, 239, 1448, 1277, 1275, 727, 889, 1568]
New Nodes: [1417, 1379, 853, 887, 676, 1534, 259, 1241, 888, 1235, 1381, 1420, 1419, 861, 239, 1448, 1277, 1275, 727, 889, 1568]

Cluster Number 5  (t:200 300): [958, 1164, 876, 1330, 1300, 702, 913, 1167, 1359, 873, 1243, 1155, 1173, 605, 1050, 384] ===> 
Cluster Number 23  (t:300 400): [1525, 1164]
New Nodes: [1525]
Cluster Number 27  (t:300 400): [140, 1050]
New Nodes: [140]
Cluster Number 49  (t:300 400): [1360, 1359]
New Nodes: [1360]
Cluster Number 17  (t:300 400): [387, 384]
New Nodes: [387]

Cluster Number 30  (t:200 300): [1523, 1524] ===> 
Cluster Number 22  (t:300 400): [261, 1524, 1261, 449]
New Nodes: [261, 1261, 449]

Cluster Number 10  (t:200 300): [1275, 1358, 766, 1117, 1292, 1432] ===> 
Cluster Number 2  (t:300 400): [1417, 1379, 853, 887, 882, 676, 1534, 259, 1241, 888, 1235, 1381, 1420, 1419, 861, 239, 1448, 1277, 1275, 727, 889, 1568]
New Nodes: [1417, 1379, 853, 887, 882, 676, 1534, 259, 1241, 888, 1235, 1381, 1420, 1419, 861, 239, 1448, 1277, 727, 889, 1568]

