Cluster Number 11  (t:0 100): [324, 325, 326, 228] ===> 
Cluster Number 5  (t:100 200): [383, 384, 228, 1169, 1164, 485, 1170, 317, 1171, 1313, 1172, 1370]
New Nodes: [383, 384, 1169, 1164, 485, 1170, 317, 1171, 1313, 1172, 1370]

Cluster Number 35  (t:0 100): [1189, 1190] ===> 
Cluster Number 2  (t:100 200): [1192, 1190]
New Nodes: [1192]

Cluster Number 37  (t:0 100): [112, 1144] ===> 
Cluster Number 3  (t:100 200): [1264, 273, 112, 113, 1157, 114, 1252, 671, 946, 677, 808, 1229, 1202, 668, 562, 120, 1324, 130, 1330, 1214, 565, 385, 791, 809, 913, 1379, 1395]
New Nodes: [1264, 273, 113, 1157, 114, 1252, 671, 946, 677, 808, 1229, 1202, 668, 562, 120, 1324, 130, 1330, 1214, 565, 385, 791, 809, 913, 1379, 1395]

Cluster Number 27  (t:0 100): [85, 510, 512, 1191, 1140] ===> 
Cluster Number 11  (t:100 200): [1191, 1246]
New Nodes: [1246]

Cluster Number 29  (t:0 100): [1080, 1081, 1131, 1132, 975, 1133] ===> 
Cluster Number 30  (t:100 200): [975, 1052]
New Nodes: [1052]

Cluster Number 6  (t:0 100): [151, 152, 175, 176, 233, 189, 190, 267, 246, 268, 226, 470, 460, 448, 449, 552, 471, 185, 450, 769] ===> 
Cluster Number 27  (t:100 200): [444, 449]
New Nodes: [444]

Cluster Number 2  (t:0 100): [50, 51, 360, 196, 309, 794, 317, 318, 467] ===> 
Cluster Number 23  (t:100 200): [319, 318, 1389, 1390, 320, 1391]
New Nodes: [319, 1389, 1390, 320, 1391]
Cluster Number 5  (t:100 200): [383, 384, 228, 1169, 1164, 485, 1170, 317, 1171, 1313, 1172, 1370]
New Nodes: [383, 384, 228, 1169, 1164, 485, 1170, 1171, 1313, 1172, 1370]

Cluster Number 4  (t:0 100): [123, 124, 857, 898, 899, 974] ===> 
Cluster Number 29  (t:100 200): [607, 974]
New Nodes: [607]

Cluster Number 31  (t:0 100): [1104, 119, 66, 873] ===> 
Cluster Number 1  (t:100 200): [874, 873, 133, 1411, 1421, 875, 1412, 853]
New Nodes: [874, 133, 1411, 1421, 875, 1412, 853]
Cluster Number 4  (t:100 200): [119, 117, 1236, 410, 1050, 129, 1323, 564, 1431, 1158]
New Nodes: [117, 1236, 410, 1050, 129, 1323, 564, 1431, 1158]

Cluster Number 12  (t:0 100): [447, 469, 551, 562] ===> 
Cluster Number 7  (t:100 200): [447, 1265]
New Nodes: [1265]
Cluster Number 3  (t:100 200): [1264, 273, 112, 113, 1157, 114, 1252, 671, 946, 677, 808, 1229, 1202, 668, 562, 120, 1324, 130, 1330, 1214, 565, 385, 791, 809, 913, 1379, 1395]
New Nodes: [1264, 273, 112, 113, 1157, 114, 1252, 671, 946, 677, 808, 1229, 1202, 668, 120, 1324, 130, 1330, 1214, 565, 385, 791, 809, 913, 1379, 1395]

Cluster Number 36  (t:0 100): [1195, 1157] ===> 
Cluster Number 3  (t:100 200): [1264, 273, 112, 113, 1157, 114, 1252, 671, 946, 677, 808, 1229, 1202, 668, 562, 120, 1324, 130, 1330, 1214, 565, 385, 791, 809, 913, 1379, 1395]
New Nodes: [1264, 273, 112, 113, 114, 1252, 671, 946, 677, 808, 1229, 1202, 668, 562, 120, 1324, 130, 1330, 1214, 565, 385, 791, 809, 913, 1379, 1395]

Cluster Number 26  (t:0 100): [511, 1098, 1090, 1099, 1100, 1151, 1101] ===> 
Cluster Number 25  (t:100 200): [125, 1090]
New Nodes: [125]

Cluster Number 18  (t:0 100): [658, 126, 601, 490, 491, 650] ===> 
Cluster Number 24  (t:100 200): [563, 126]
New Nodes: [563]

Cluster Number 7  (t:0 100): [116, 117, 1197, 1228, 1229, 118] ===> 
Cluster Number 4  (t:100 200): [119, 117, 1236, 410, 1050, 129, 1323, 564, 1431, 1158]
New Nodes: [119, 1236, 410, 1050, 129, 1323, 564, 1431, 1158]
Cluster Number 3  (t:100 200): [1264, 273, 112, 113, 1157, 114, 1252, 671, 946, 677, 808, 1229, 1202, 668, 562, 120, 1324, 130, 1330, 1214, 565, 385, 791, 809, 913, 1379, 1395]
New Nodes: [1264, 273, 112, 113, 1157, 114, 1252, 671, 946, 677, 808, 1202, 668, 562, 120, 1324, 130, 1330, 1214, 565, 385, 791, 809, 913, 1379, 1395]

Cluster Number 5  (t:0 100): [33, 34, 772, 652, 653, 606, 817, 216, 927, 775, 1087, 1097, 776, 1113, 293, 273] ===> 
Cluster Number 33  (t:100 200): [216, 217]
New Nodes: [217]
Cluster Number 28  (t:100 200): [451, 606]
New Nodes: [451]
Cluster Number 18  (t:100 200): [813, 1113]
New Nodes: [813]
Cluster Number 3  (t:100 200): [1264, 273, 112, 113, 1157, 114, 1252, 671, 946, 677, 808, 1229, 1202, 668, 562, 120, 1324, 130, 1330, 1214, 565, 385, 791, 809, 913, 1379, 1395]
New Nodes: [1264, 112, 113, 1157, 114, 1252, 671, 946, 677, 808, 1229, 1202, 668, 562, 120, 1324, 130, 1330, 1214, 565, 385, 791, 809, 913, 1379, 1395]
Cluster Number 20  (t:100 200): [293, 1235]
New Nodes: [1235]

Cluster Number 32  (t:0 100): [1164, 1165] ===> 
Cluster Number 5  (t:100 200): [383, 384, 228, 1169, 1164, 485, 1170, 317, 1171, 1313, 1172, 1370]
New Nodes: [383, 384, 228, 1169, 485, 1170, 317, 1171, 1313, 1172, 1370]

