Cluster Number 25  (t:100 200): [125, 1090] ===> 
Cluster Number 15  (t:200 300): [453, 1090, 1426, 1427, 635, 1291, 152, 298, 1299, 1370]
New Nodes: [453, 1426, 1427, 635, 1291, 152, 298, 1299, 1370]

Cluster Number 15  (t:100 200): [1299, 1300, 1237, 1293, 1294, 1301] ===> 
Cluster Number 15  (t:200 300): [453, 1090, 1426, 1427, 635, 1291, 152, 298, 1299, 1370]
New Nodes: [453, 1090, 1426, 1427, 635, 1291, 152, 298, 1370]
Cluster Number 5  (t:200 300): [958, 1164, 876, 1330, 1300, 702, 913, 1167, 1359, 873, 1243, 1155, 1173, 605, 1050, 384]
New Nodes: [958, 1164, 876, 1330, 702, 913, 1167, 1359, 873, 1243, 1155, 1173, 605, 1050, 384]

Cluster Number 37  (t:100 200): [277, 1215] ===> 
Cluster Number 3  (t:200 300): [883, 882, 854, 121, 117, 158, 884, 1325, 1326, 770, 769, 454, 662, 1309, 1081, 1412, 566, 562, 277, 885, 456, 886]
New Nodes: [883, 882, 854, 121, 117, 158, 884, 1325, 1326, 770, 769, 454, 662, 1309, 1081, 1412, 566, 562, 885, 456, 886]

Cluster Number 27  (t:100 200): [444, 449] ===> 
Cluster Number 8  (t:200 300): [119, 853, 1084, 754, 444, 1437, 1289, 1460, 1415, 1367, 1365, 1397, 1276, 771, 1321, 1322, 173, 111, 1398, 1508, 128, 871, 872, 1416, 386, 1368]
New Nodes: [119, 853, 1084, 754, 1437, 1289, 1460, 1415, 1367, 1365, 1397, 1276, 771, 1321, 1322, 173, 111, 1398, 1508, 128, 871, 872, 1416, 386, 1368]

Cluster Number 1  (t:100 200): [874, 873, 133, 1411, 1421, 875, 1412, 853] ===> 
Cluster Number 1  (t:200 300): [1422, 1421, 888, 1504, 1505, 410]
New Nodes: [1422, 888, 1504, 1505, 410]
Cluster Number 8  (t:200 300): [119, 853, 1084, 754, 444, 1437, 1289, 1460, 1415, 1367, 1365, 1397, 1276, 771, 1321, 1322, 173, 111, 1398, 1508, 128, 871, 872, 1416, 386, 1368]
New Nodes: [119, 1084, 754, 444, 1437, 1289, 1460, 1415, 1367, 1365, 1397, 1276, 771, 1321, 1322, 173, 111, 1398, 1508, 128, 871, 872, 1416, 386, 1368]
Cluster Number 22  (t:200 300): [1411, 455]
New Nodes: [455]
Cluster Number 3  (t:200 300): [883, 882, 854, 121, 117, 158, 884, 1325, 1326, 770, 769, 454, 662, 1309, 1081, 1412, 566, 562, 277, 885, 456, 886]
New Nodes: [883, 882, 854, 121, 117, 158, 884, 1325, 1326, 770, 769, 454, 662, 1309, 1081, 566, 562, 277, 885, 456, 886]
Cluster Number 5  (t:200 300): [958, 1164, 876, 1330, 1300, 702, 913, 1167, 1359, 873, 1243, 1155, 1173, 605, 1050, 384]
New Nodes: [958, 1164, 876, 1330, 1300, 702, 913, 1167, 1359, 1243, 1155, 1173, 605, 1050, 384]

Cluster Number 8  (t:100 200): [1308, 322, 1275, 1280, 323, 1289] ===> 
Cluster Number 8  (t:200 300): [119, 853, 1084, 754, 444, 1437, 1289, 1460, 1415, 1367, 1365, 1397, 1276, 771, 1321, 1322, 173, 111, 1398, 1508, 128, 871, 872, 1416, 386, 1368]
New Nodes: [119, 853, 1084, 754, 444, 1437, 1460, 1415, 1367, 1365, 1397, 1276, 771, 1321, 1322, 173, 111, 1398, 1508, 128, 871, 872, 1416, 386, 1368]
Cluster Number 10  (t:200 300): [1275, 1358, 766, 1117, 1292, 1432]
New Nodes: [1358, 766, 1117, 1292, 1432]

Cluster Number 4  (t:100 200): [119, 117, 1236, 410, 1050, 129, 1323, 564, 1431, 1158] ===> 
Cluster Number 19  (t:200 300): [130, 129, 1438, 1431, 131, 1439, 1086, 132]
New Nodes: [130, 1438, 131, 1439, 1086, 132]
Cluster Number 1  (t:200 300): [1422, 1421, 888, 1504, 1505, 410]
New Nodes: [1422, 1421, 888, 1504, 1505]
Cluster Number 8  (t:200 300): [119, 853, 1084, 754, 444, 1437, 1289, 1460, 1415, 1367, 1365, 1397, 1276, 771, 1321, 1322, 173, 111, 1398, 1508, 128, 871, 872, 1416, 386, 1368]
New Nodes: [853, 1084, 754, 444, 1437, 1289, 1460, 1415, 1367, 1365, 1397, 1276, 771, 1321, 1322, 173, 111, 1398, 1508, 128, 871, 872, 1416, 386, 1368]
Cluster Number 3  (t:200 300): [883, 882, 854, 121, 117, 158, 884, 1325, 1326, 770, 769, 454, 662, 1309, 1081, 1412, 566, 562, 277, 885, 456, 886]
New Nodes: [883, 882, 854, 121, 158, 884, 1325, 1326, 770, 769, 454, 662, 1309, 1081, 1412, 566, 562, 277, 885, 456, 886]
Cluster Number 5  (t:200 300): [958, 1164, 876, 1330, 1300, 702, 913, 1167, 1359, 873, 1243, 1155, 1173, 605, 1050, 384]
New Nodes: [958, 1164, 876, 1330, 1300, 702, 913, 1167, 1359, 873, 1243, 1155, 1173, 605, 384]

Cluster Number 31  (t:100 200): [1290, 260] ===> 
Cluster Number 34  (t:200 300): [1417, 1290]
New Nodes: [1417]

Cluster Number 12  (t:100 200): [484, 121, 889, 1295, 1312, 773, 1369, 1362] ===> 
Cluster Number 3  (t:200 300): [883, 882, 854, 121, 117, 158, 884, 1325, 1326, 770, 769, 454, 662, 1309, 1081, 1412, 566, 562, 277, 885, 456, 886]
New Nodes: [883, 882, 854, 117, 158, 884, 1325, 1326, 770, 769, 454, 662, 1309, 1081, 1412, 566, 562, 277, 885, 456, 886]

Cluster Number 24  (t:100 200): [563, 126] ===> 
Cluster Number 14  (t:200 300): [127, 126]
New Nodes: [127]

Cluster Number 14  (t:100 200): [1288, 702] ===> 
Cluster Number 5  (t:200 300): [958, 1164, 876, 1330, 1300, 702, 913, 1167, 1359, 873, 1243, 1155, 1173, 605, 1050, 384]
New Nodes: [958, 1164, 876, 1330, 1300, 913, 1167, 1359, 873, 1243, 1155, 1173, 605, 1050, 384]

Cluster Number 36  (t:100 200): [662, 1303] ===> 
Cluster Number 3  (t:200 300): [883, 882, 854, 121, 117, 158, 884, 1325, 1326, 770, 769, 454, 662, 1309, 1081, 1412, 566, 562, 277, 885, 456, 886]
New Nodes: [883, 882, 854, 121, 117, 158, 884, 1325, 1326, 770, 769, 454, 1309, 1081, 1412, 566, 562, 277, 885, 456, 886]

Cluster Number 38  (t:100 200): [881, 882] ===> 
Cluster Number 3  (t:200 300): [883, 882, 854, 121, 117, 158, 884, 1325, 1326, 770, 769, 454, 662, 1309, 1081, 1412, 566, 562, 277, 885, 456, 886]
New Nodes: [883, 854, 121, 117, 158, 884, 1325, 1326, 770, 769, 454, 662, 1309, 1081, 1412, 566, 562, 277, 885, 456, 886]

Cluster Number 3  (t:100 200): [1264, 273, 112, 113, 1157, 114, 1252, 671, 946, 677, 808, 1229, 1202, 668, 562, 120, 1324, 130, 1330, 1214, 565, 385, 791, 809, 913, 1379, 1395] ===> 
Cluster Number 13  (t:200 300): [809, 808, 273, 806, 1514, 810]
New Nodes: [806, 1514, 810]
Cluster Number 19  (t:200 300): [130, 129, 1438, 1431, 131, 1439, 1086, 132]
New Nodes: [129, 1438, 1431, 131, 1439, 1086, 132]
Cluster Number 2  (t:200 300): [1380, 1379]
New Nodes: [1380]
Cluster Number 3  (t:200 300): [883, 882, 854, 121, 117, 158, 884, 1325, 1326, 770, 769, 454, 662, 1309, 1081, 1412, 566, 562, 277, 885, 456, 886]
New Nodes: [883, 882, 854, 121, 117, 158, 884, 1325, 1326, 770, 769, 454, 662, 1309, 1081, 1412, 566, 277, 885, 456, 886]
Cluster Number 5  (t:200 300): [958, 1164, 876, 1330, 1300, 702, 913, 1167, 1359, 873, 1243, 1155, 1173, 605, 1050, 384]
New Nodes: [958, 1164, 876, 1300, 702, 1167, 1359, 873, 1243, 1155, 1173, 605, 1050, 384]

Cluster Number 5  (t:100 200): [383, 384, 228, 1169, 1164, 485, 1170, 317, 1171, 1313, 1172, 1370] ===> 
Cluster Number 15  (t:200 300): [453, 1090, 1426, 1427, 635, 1291, 152, 298, 1299, 1370]
New Nodes: [453, 1090, 1426, 1427, 635, 1291, 152, 298, 1299]
Cluster Number 9  (t:200 300): [218, 1313]
New Nodes: [218]
Cluster Number 5  (t:200 300): [958, 1164, 876, 1330, 1300, 702, 913, 1167, 1359, 873, 1243, 1155, 1173, 605, 1050, 384]
New Nodes: [958, 876, 1330, 1300, 702, 913, 1167, 1359, 873, 1243, 1155, 1173, 605, 1050]

Cluster Number 40  (t:100 200): [218, 802] ===> 
Cluster Number 9  (t:200 300): [218, 1313]
New Nodes: [1313]

Cluster Number 10  (t:100 200): [1160, 1161] ===> 
Cluster Number 11  (t:200 300): [1161, 1403]
New Nodes: [1403]

Cluster Number 32  (t:100 200): [910, 911, 1364, 1365, 1394, 1418, 727, 1127, 1366, 912] ===> 
Cluster Number 8  (t:200 300): [119, 853, 1084, 754, 444, 1437, 1289, 1460, 1415, 1367, 1365, 1397, 1276, 771, 1321, 1322, 173, 111, 1398, 1508, 128, 871, 872, 1416, 386, 1368]
New Nodes: [119, 853, 1084, 754, 444, 1437, 1289, 1460, 1415, 1367, 1397, 1276, 771, 1321, 1322, 173, 111, 1398, 1508, 128, 871, 872, 1416, 386, 1368]

