Cluster Number 2  (t:300 400): [540, 453, 27, 459, 460, 40, 439, 454, 461, 13, 236, 24, 138, 462, 7, 335, 11, 30, 10, 452, 191, 17, 100, 351, 55, 86, 74, 214, 455, 78, 14, 66, 151, 102, 399, 425, 456, 72, 457, 54, 110, 80, 8283, 471, 210, 464, 32, 119] ===> 
Cluster Number 2  (t:500 600): [40, 55, 10, 86, 14, 46, 146, 52, 186, 25, 243, 442, 151, 35, 89, 105, 446, 443, 48, 72, 450, 160, 5, 425, 447, 448, 77, 157, 137, 15, 445, 449, 112, 95, 210, 207]
New Nodes: [46, 146, 52, 186, 25, 243, 442, 35, 89, 105, 446, 443, 48, 450, 160, 5, 447, 448, 77, 157, 137, 15, 445, 449, 112, 95, 207]
Cluster Number 3  (t:500 600): [13, 3, 24, 4, 22, 542, 543, 56, 124, 57, 253, 78, 26, 341, 332, 41, 16, 70, 6, 37, 7, 174, 125, 544, 200, 18]
New Nodes: [3, 4, 22, 542, 543, 56, 124, 57, 253, 26, 341, 332, 41, 16, 70, 6, 37, 174, 125, 544, 200, 18]
Cluster Number 4  (t:500 600): [165, 54, 50]
New Nodes: [165, 50]
Cluster Number 1  (t:500 600): [248, 298, 365, 492, 74, 28, 328, 296, 47, 399, 250, 73, 138, 340, 27, 225, 20, 11, 71, 274, 493]
New Nodes: [248, 298, 365, 492, 28, 328, 296, 47, 250, 73, 340, 225, 20, 71, 274, 493]

Cluster Number 3  (t:300 400): [103, 37, 538, 327, 493, 364, 125, 8, 89, 301, 154, 539, 20, 79] ===> 
Cluster Number 2  (t:500 600): [40, 55, 10, 86, 14, 46, 146, 52, 186, 25, 243, 442, 151, 35, 89, 105, 446, 443, 48, 72, 450, 160, 5, 425, 447, 448, 77, 157, 137, 15, 445, 449, 112, 95, 210, 207]
New Nodes: [40, 55, 10, 86, 14, 46, 146, 52, 186, 25, 243, 442, 151, 35, 105, 446, 443, 48, 72, 450, 160, 5, 425, 447, 448, 77, 157, 137, 15, 445, 449, 112, 95, 210, 207]
Cluster Number 3  (t:500 600): [13, 3, 24, 4, 22, 542, 543, 56, 124, 57, 253, 78, 26, 341, 332, 41, 16, 70, 6, 37, 7, 174, 125, 544, 200, 18]
New Nodes: [13, 3, 24, 4, 22, 542, 543, 56, 124, 57, 253, 78, 26, 341, 332, 41, 16, 70, 6, 7, 174, 544, 200, 18]
Cluster Number 1  (t:500 600): [248, 298, 365, 492, 74, 28, 328, 296, 47, 399, 250, 73, 138, 340, 27, 225, 20, 11, 71, 274, 493]
New Nodes: [248, 298, 365, 492, 74, 28, 328, 296, 47, 399, 250, 73, 138, 340, 27, 225, 11, 71, 274]

Cluster Number 1  (t:300 400): [264, 48] ===> 
Cluster Number 2  (t:500 600): [40, 55, 10, 86, 14, 46, 146, 52, 186, 25, 243, 442, 151, 35, 89, 105, 446, 443, 48, 72, 450, 160, 5, 425, 447, 448, 77, 157, 137, 15, 445, 449, 112, 95, 210, 207]
New Nodes: [40, 55, 10, 86, 14, 46, 146, 52, 186, 25, 243, 442, 151, 35, 89, 105, 446, 443, 72, 450, 160, 5, 425, 447, 448, 77, 157, 137, 15, 445, 449, 112, 95, 210, 207]

