1422,1421
1380,1379
883,882
1134,1131
958,1164
1429,1430
1435,1436
119,853
218,1313
876,1330
1161,1403
1207,1206
809,808
1084,754
127,126
876,1300
702,913
1167,1164
1409,1410
468,50
130,129
567,568
853,854
1084,119
121,117
158,882
884,882
1325,1326
770,769
453,454
1116,1090
662,1199
1309,121
1426,1427
444,1437
1438,1431
1289,1084
876,1164
1081,1460
158,1412
1415,853
1367,1365
1397,913
1276,1275
1358,1359
876,873
131,129
1397,119
1439,1431
766,913
1117,1090
635,1199
1291,1292
1432,913
1367,1411
455,454
771,769
1321,1322
173,853
566,562
277,1427
885,882
173,1437
177,273
1306,1307
806,1514
153,152
810,808
566,298
1299,464
566,1370
902,1526
534,535
110,111
1397,1398
1084,1508
1243,702
1154,1155
1086,1087
132,129
1469,1470
513,510
1261,984
1523,1524
566,913
456,454
886,882
1254,1255
128,126
871,872
1416,853
1173,1164
605,1050
386,384
1368,1365
1521,1522
1455,1456
1417,1290
888,1421
1504,1505
386,410
