0,1
50,51
90,91
123,124
33,34
151,152
116,117
128,163
175,176
175,151
151,233
189,190
151,267
230,231
244,245
246,245
268,267
324,325
226,151
50,360
391,392
388,389
196,360
309,310
309,353
446,447
469,470
226,460
448,449
551,552
561,562
602,454
578,551
471,470
185,151
345,346
658,126
601,126
490,491
649,650
663,664
212,213
645,646
778,779
354,353
450,769
450,449
437,438
732,733
34,772
652,653
605,606
794,792
317,318
467,50
326,325
326,606
228,318
124,857
898,899
973,974
817,818
216,927
775,34
85,510
1059,1060
1080,1081
1087,1097
775,1097
511,510
1098,1097
1088,1089
1104,119
1090,1089
1099,1097
776,34
1113,293
273,1090
1100,1097
66,873
1081,1131
1132,1131
512,510
1164,1165
1167,1164
1195,1196
1150,1157
1168,1164
1189,1190
1191,1190
119,873
512,1140
1150,1151
273,1164
1101,1097
1164,1206
1180,1181
975,681
1133,1131
112,1144
1197,1196
1228,1229
